0.0
3.0
5.0
8.0
4.6923828125001545
4.3945312500003
4.106445312500362
3.828125000000219
3.5595703125010885
3.300781250002096
3.05175781250264
2.8125000000030975
2.5830078125038525
2.3632812500048397
2.153320312505493
1.953125000005944
1.762695312505979
1.5820312500061706
1.4111328125061728
1.2500000000066502
1.0986328125058453
0.9570312500050926
0.8251953125043916
0.7031250000037423
0.5908203125031453
0.48828125000260003
0.3955078125021038
0.31250000000166256
0.23925781250127315
0.17578125000093558
0.12207031250065001
0.07812500000041628
0.043945312500233896
0.019531250000103938
0.004882812500026
0.0029296874999888813
0.011718749999951473
0.026367187499899986
0.0468749999998305
0.07324218749970188
0.10546874999953987
0.14355468749934377
0.187499999999112
0.23730468749884573
0.29296874999854505
0.3544921874982098
0.42187499999784
0.4951171874974358
0.5742187499969971
0.6591796874965237
0.7499999999960161
0.8466796874960315
0.9492187499960784
1.057617187496156
1.1718749999962652
1.2919921874964049
1.4179687499965763
1.5498046874967788
1.6874999999970117
1.8310546874972766
1.9804687499975722
2.135742187497899
2.2968749999982574
2.463867187498646
2.6367187499990665
2.8154296874995173
3.0048828124999813
3.019531249999919
3.0439453124998335
3.0781249999997176
3.122070312499503
3.175781249999233
3.239257812498906
3.31249999999852
3.395507812498076
3.488281249997575
3.5908203124970166
3.7031249999963998
3.825195312495726
3.957031249994995
4.098632812494206
4.24999999999336
4.411132812493386
4.582031249993464
4.762695312493593
4.953124999993775
5.153320312494008
5.363281249994294
5.583007812494632
5.81249999999502
6.051757812495461
6.3007812499959535
6.559570312496499
6.828124999997096
7.106445312497743
7.394531249998444
7.692382812499195
7.815429687500092
7.636718750000179
7.463867187500217
7.2968750000001315
7.135742187500654
6.980468750001258
6.8310546875015845
6.687500000001858
6.549804687502311
6.417968750002904
6.291992187503295
6.171875000003566
6.057617187503587
5.949218750003703
5.846679687503704
5.75000000000399
5.659179687503507
5.574218750003055
5.495117187502635
5.421875000002245
5.354492187501887
5.29296875000156
5.237304687501262
5.187500000000997
5.143554687500764
5.105468750000561
5.07324218750039
5.04687500000025
5.02636718750014
5.011718750000062
5.002929687500016
1.99940742186461
2.0010295617405687
0.49891845845625726
3.0015014821341675
4.5011966310429
0.5015788070945
0.12439622774228867
1.2515800925762717
1.06406817982241
2.37602953326101
1.8760045737067121
1.1235947581939976
2.001580097315621
3.8765014374120073
0.7515801960693601
1.4390670689286358
2.376465850774929
3.0015799382455604
4.25157100323419
2.9390529820794296
6.126292790152894
3.126028265961792
5.001514270714567
4.251579902131917
3.5640160099188387
0.1266008389983048
0.031039773629901794
0.31407545685171423
0.2672940706146375
0.5953251921432303
0.4704859894292973
0.28037752587269194
0.97032520407425
0.8297050558230354
1.1265801679139957
0.7515743035577098
1.5953284061611326
1.4859538110565662
0.7361704479794204
1.4390751987807322
2.0015734773803846
1.7672033864851988
2.657276602581182
2.1572795537822542
1.0643456866648306
0.7799947384596841
1.4390603570382083
1.4550105791136057
1.9072804870723346
1.9076414134751571
1.5297077782751836
3.314074956477815
4.407745401643233
2.376575203339973
2.8609548518707344
1.5953252039787524
2.4703298760148575
3.4077514601857755
0.970325190693093
1.2984550093994285
1.0640755457295281
1.6890800394388403
0.5955024229823469
0.8924746866065737
2.1422051308371675
0.5015758643171002
0.18908866544582786
0.3610359290760681
1.8765560532830112
2.657752269407468
1.251945821982195
1.6739129913799362
2.15829998023756
2.8140734406590946
3.126575202794245
2.6109533852292444
3.5953249921006827
2.470328340081103
4.2203262185399595
3.5484572460865813
3.5640611578563828
2.9390825574640367
4.345520976980524
3.642425228816161
2.3922053464748023
5.001575443238622
5.939244375593689
5.11113026367393
7.032573598310998
5.282500424339345
2.376548588332656
3.0018477243766952
2.423788814580085
3.78237578001597
2.5321472335550643
6.377041542359812
5.814016615315964
5.517720013856238
5.345331271477384
4.720891227062184
4.9703248357875704
4.5797107874008205
3.8765845272522688
4.251511922860622
3.5953298209137383
3.2359575189143603
3.986556898865151
4.689075206377947
4.501574939011311
4.017204850324207
3.31471004946419
2.939027056329399
2.7053362982369835
0.03284022182234281
0.007902395139572931
0.0796232676491572
0.06813302827453607
0.14992803153079937
0.1189338448238828
0.06988230784577792
0.2436796885412611
0.20860122624226438
0.2828205032311897
0.18913519153099478
0.4000172113696622
0.3726617338867135
0.18533621108422899
0.36086705304364886
0.5014920531399059
0.4429815025065279
0.6655545550362141
0.5406425537000203
0.2673527728278412
0.19456443704758153
0.3610781477583807
0.3649879853596848
0.4781298559185106
0.47824422837132036
0.38183001093735236
0.8530545546961317
0.7711064552758582
0.8922048384591903
0.7047048073183606
1.1031423380541145
1.0289238404738965
0.6539243377315109
1.1812675855223045
0.9703300938632755
0.9273624118731914
0.7828309126922013
1.0875187556429466
0.9000088339416781
0.6187643730233846
1.415642518779543
1.349236223849596
1.5328283326173686
1.2984552205635569
1.790611933392802
1.732018086537698
1.2632997999404307
0.5992252827862312
0.7359479002289315
0.5955168543209546
0.888297453968987
0.6071229287737058
1.063992054714547
1.2983670544766235
1.192981453771668
1.5561795501433435
1.3375173324235838
1.837429470705417
1.7086063583137197
1.87657812744856
1.5953297424571131
2.1812366831015053
2.0601431637832603
1.4976737506068938
2.142115494672268
2.470212251727244
2.3179504410006295
2.8211888245150085
2.5088415086220737
1.673453400508115
1.954674428641784
1.864830680248627
2.258842056468312
2.0713420552000903
0.7516249903412753
0.6316405729916501
0.8924467083657903
0.9117510076563606
1.0562736497151262
1.0875013792367385
0.9439797694528443
1.2437524501049566
1.2398761254906399
1.4391031825666336
1.2518674145336868
1.649966188116359
1.6539285516113154
1.2788763015866813
1.454704067090856
1.6890500924401928
1.6617057255614627
1.9463419092199938
1.8838420563073641
1.4858745529425574
1.3188388133392217
1.6737495492809003
1.7084737471690699
1.8838816325282193
1.9462934344745957
1.7561524787175964
4.110862784645875
4.696693918831356
3.563991831124614
3.841414494577727
3.0561795426846734
3.5875129551968565
4.134313618098634
2.587429554077441
2.8257939403741177
2.610954824228143
3.0797045932836546
2.1812673369640287
2.411736332127601
3.3492319631557375
2.157742054700435
1.767117054738728
1.9664189540393116
1.4155545546875057
1.7906423381219994
3.126575727295628
3.634313959879262
2.657829865719739
2.919544477986997
2.2281426020269524
2.7281382399043057
3.196813959447618
1.103054555086961
1.2632939560944694
1.1265797918917166
1.4390798413935482
0.8531425340748137
1.0054869282305705
1.6304863459449392
0.9000159264529699
1.173456249242438
1.3570506354578504
1.4859550040667853
1.2437591961060157
1.5562699878057
1.8375175946490079
0.6656126710662176
0.810138670230105
0.7361759158940889
0.9702918526454873
0.5413330220440364
0.6780891369393334
1.1460722890472037
2.060173802519679
1.9078301446555694
2.298454777294796
1.771114190683512
2.552356834729941
0.8296170538339811
0.5952420423171148
0.7164189697162484
0.3999297699870763
0.618768135531322
0.24367786542069253
0.3257870265635898
0.26724702039027004
0.42344015923729333
0.15046293916145548
0.2247642846820599
0.5367135072117445
0.1264925063472193
0.048554810484319554
0.09175639164316055
0.47045521634360055
0.31467324748547265
0.4201950972717985
2.3922013058778093
2.821813738005357
2.0015829527541458
2.2476725351443214
1.649999357971243
2.118733692621163
2.5093178909941294
1.337479905483963
1.5445145459306988
1.455117567827069
1.7671758279478622
1.1820793983769895
1.3813194705072325
2.0054596175484187
1.0643981151340651
0.8304649116907017
0.9984614043746445
1.9083277761682438
2.2592860620789246
1.5961818012707627
1.8266653860319462
2.0728352289403453
2.86085111441348
2.9389904610309223
2.716388805615808
3.0561792096518934
2.5874866738514175
3.2124295827754095
2.950793869345951
2.8609547427323156
2.704703139893067
3.056267340496334
2.7867362629255332
2.4742056724440227
3.4077420645092564
3.6421170334404662
3.3414189510737984
3.9155543486124005
3.290642147692817
2.376549427763944
2.532828411657261
2.294518186191064
2.728142407905529
2.228111908402526
4.2280560244483185
3.8882951356091002
3.8765815126422485
3.564080703255871
4.228123887775322
3.8804695926151487
3.2554869114690312
3.9000035548948797
3.548440463070782
3.2320366736374364
3.235957522948949
3.243744152735315
2.9312581147504786
2.9625179084637576
4.290775585692625
3.935305837243072
3.9861586352977185
3.5954590673022304
4.4156285980298104
4.052307519053949
3.271234604289133
2.6851738607771534
2.6578322973128965
2.423453350827663
2.646104519456318
2.1773305491588486
4.579617188498717
4.970221872508221
4.591399230390073
5.399934633456422
4.618763048211964
5.868802961404635
5.450922612816251
5.517376057243775
5.048585787568454
6.025148338697862
5.599333183421113
4.661868838320521
6.376654042629922
6.923552441287003
6.466582422801977
7.509094099574324
6.571623124756096
4.720511686964987
5.189141419068585
4.794573232155804
5.6965852898843705
4.884037737502428
2.1421759272219685
2.3765742161115604
2.1226411862212844
2.649988107188041
2.1187086983993515
2.9626316511323525
2.6696493385332785
2.705004458044691
2.392285925850353
3.0560871036403965
2.7552629061840737
2.130517111149871
3.314321387256631
3.7046100691508173
3.3725364516953578
4.133976322710984
3.4463936479429673
2.158166320126392
2.470065567762804
2.2004924471478744
2.821278326202126
2.2586574857989987
7.157569014292024
6.830043485649678
6.692856505522633
6.525130260123857
6.243682074765152
6.243628137070916
6.083797133015009
5.658006959870036
5.93957075566929
5.399954605514466
5.247835743133184
5.810130348126737
5.985838829262953
5.751497721231756
5.5679568369964
5.540555923407094
5.165621837433477
5.392206710767745
5.111493543720922
4.989912024994945
4.8532874674840984
4.603247073993427
5.353054119070386
5.146107339231797
4.767205301042248
4.954710846213452
4.603142056520497
4.403923970371728
4.7789075428253565
4.056267487201236
4.220335256578334
4.052353183464124
4.407817964436898
3.7125130452220083
3.8999505732446975
4.618699894938711
3.915642484451702
3.724236072775449
3.407829529977931
3.548458660466469
3.29063822812629
3.107044160428175
3.3882973725483625
4.4743623135653054
4.11106032181285
4.345912579646974
3.763381644464326
4.232212851393431
5.188992070782129
5.048367063017137
4.817981482194131
4.931179554431187
4.462517367336808
4.837429504187667
4.583606438110538
4.251579595340543
4.345329823542917
4.181262982683152
3.935169466095445
4.122673858006911
4.767116716954613
4.720243722426145
4.442977639307896
3.7984548829748372
3.7047007263411036
3.489856985107567
3.876810652329025
3.6428231896352585
3.537042172460183
3.4313266327379575
3.2129095943403763
3.2437082850084904
3.1148959498993674
2.8140906216638486
3.0022154908265817
2.6499681812400486
2.5289091887816815
2.9044155279845265
3.079705828679749
2.939077472177032
2.786734680006953
2.611562600444379
2.424062132025628
2.334356328454356
0.008957793617742422
0.0022100347484476706
0.020787404911201877
0.017968865648350006
0.03833730647935715
0.030661674006786592
0.01750485175172406
0.06175634173182662
0.05329796501614614
0.07195086701693537
0.048565884212406776
0.1011828307045375
0.09445841425771637
0.04721231262619767
0.09104978625285923
0.12620661646073283
0.11184067825469954
0.16722270260820576
0.13632053090833404
0.06766139554082023
0.04850057480479285
0.09158496762088429
0.09201765034011943
0.12085803162961464
0.1202826878520663
0.09518165623782648
0.21409776596477875
0.19387474386496079
0.2242150679838453
0.17733738956856548
0.2769501749660885
0.25840988644575946
0.16465638732798749
0.29649845302513755
0.24375909084461078
0.23302415115616698
0.19688782340194566
0.2730674597775107
0.22626137096671445
0.15591551155125705
0.35509472856952373
0.33849008618257104
0.3843870527269988
0.3257878376876624
0.44884506758302056
0.4341899567947852
0.31701810572866196
0.1511583842110314
0.18536158890694698
0.15018368605011573
0.22346829550148448
0.15245660093393787
0.26683211037173277
0.3254258459533296
0.29934366829067294
0.389878970737474
0.33554383022017653
0.46019147235210844
0.42824986063795234
0.470309310875242
0.39999683541984676
0.5464811936791992
0.5162236240549469
0.3755988914361238
0.5363633477915286
0.618394597707477
0.5805936176189701
0.7062852226302676
0.6285124491214679
0.4195480918003791
0.4898603189620223
0.46740067263890417
0.5660320635816303
0.5191587932281532
0.18853919002986763
0.15752425831561156
0.22439236719205452
0.22853022362442021
0.26547882843989573
0.2724294896201749
0.23551577778901317
0.31223306632163284
0.3113934336862173
0.3612123277889234
0.3142178691910111
0.4138291582459709
0.41493570612974195
0.32023680225454715
0.36487603378351163
0.4234423857409838
0.4166411002811474
0.48789900485591375
0.4723131539731297
0.37195200006745444
0.3291490927570486
0.41966337309555013
0.4275749425062345
0.47256374426607706
0.48710550672974384
0.4384199027435979
0.8000352226206258
0.7563748672620458
0.810153074163682
0.7164030747057222
0.9097624489348619
0.8677861421363608
0.6802861402289744
0.9293133289662205
0.8297039541999025
0.7955251393210208
0.7359539479587636
0.8590019020022277
0.7652518837504763
0.6480633069309036
1.0347820781106152
0.9947439022154982
1.0640800489021411
0.9586112954080881
1.1754081740696924
1.1373222875779692
0.9263847530854366
0.6197439028748246
0.677361334698763
0.5953303905322667
0.738884878844444
0.5748229435653449
1.2144707297980566
1.103142597626996
1.0728691200769314
0.9976738149273632
1.1519706669675143
1.0465020024915055
0.8980644488130423
1.0240415918895134
0.9468930130230502
0.8531435514486629
0.8736507019645318
0.8365409011083222
0.7652522062817548
0.8043146585170269
1.1050964241551653
1.005487486226925
0.9908366949263051
0.9117357290205177
1.0738437940487842
0.9800853957219382
0.8238384796479834
0.7164245062884906
0.6978696458527427
0.6343932236312397
0.683216277792922
0.5582185599000051
1.3316582579085277
1.2955254464697568
1.3804862641104174
1.2632988535816994
1.5035336440905136
1.4693539463393026
1.2349785014719705
1.5621252642973902
1.4390804595894366
1.4127132639589037
1.3218924457953745
1.5074377283449283
1.3902526897539351
1.2105646338566376
1.691040483694821
1.6588138965030137
1.7593619001903895
1.6304935223565002
1.894288205357871
1.864014724531639
1.6060795189210355
1.1900575470171049
1.2789247748784245
1.1734562553821908
1.3716988643636676
1.1607570761608073
0.5455143010959136
0.6070359161835543
0.5367241581715563
0.6724639037824306
0.5318920562530927
0.7417983052501156
0.6656332069502586
0.662769936660123
0.5953776854497503
0.7340687202184856
0.663890817675459
0.5310485697237743
0.8150391520363953
0.892186466452765
0.8101693282166333
0.9732402667075069
0.8092739600907717
0.5340965989046931
0.599534409317428
0.5407307058058128
0.6688772990449972
0.5505435848766893
0.8996445976274019
1.0051133476332335
0.9555936172181703
1.1164414726223106
1.0152311989201763
1.2336289726684586
1.1782498672890878
1.2437468236919593
1.1265593240359024
1.366793700190264
1.3130986428439808
1.0787236415844585
1.356675847470405
1.4855820983163546
1.4243436183024376
1.6203477196997889
1.4956999438057448
1.146110202475628
1.2632977040769744
1.2174001515060362
1.386344572546842
1.2925956664462637
1.7609727352045148
1.693874886834215
1.7710904801178122
1.6304655959880439
1.9175753496250392
1.8521615482978662
1.5709111641450126
1.9371241115958235
1.790641858162454
1.7330255543212756
1.6500163572148359
1.81993771246459
1.6793148253413333
1.5152508504576878
2.0894768409307583
2.0260011411275656
2.118736874716361
1.9664310368225528
2.2771006438340162
2.2155772657016417
1.910767025933802
1.4634939228490909
1.544548701417083
1.4156425690991665
1.6295101870482802
1.371697306294466
1.9074570435235363
2.059801081642423
1.9868439784722407
2.218002953020055
2.069916986299652
2.382070970465599
2.3032566492554465
2.3921529140769637
2.228129155897845
2.5622403971593792
2.485104253500069
2.156855966778407
2.5519680709154544
2.727866137400979
2.643226906714786
2.9088251073841587
2.737338552698496
2.2476419957956137
2.4118649571685253
2.3425300127310598
2.5811072290532024
2.4404825133297203
1.454705013065154
1.5836117611467744
1.541619577829656
1.7183752727427377
1.6324377783079034
1.8590092257948334
1.8111576657748683
1.9077994294360612
1.7672123541277314
2.054444454236524
2.008546017272602
1.727173294664044
2.0054556748563286
2.1579600795948606
2.104249140970043
2.315482687809411
2.206107678760066
1.825768183875287
1.966553831290545
1.9284678977638003
2.1123576786423404
2.0342326875169867
0.6178890817825757
0.5633254206840463
0.6774209966973925
0.6891419130982672
0.742125377595144
0.7643020036819661
0.7038637315064817
0.8123557434024196
0.8192787423071028
0.9003374790256107
0.829734976007803
0.9764433550824219
0.9853016670367797
0.8433692864601947
0.8883855912319814
0.970332243148817
0.971403561555956
1.0582005528437262
1.0583278151604216
0.9263437006434978
0.8600334578158633
0.9976731330019777
1.01322519376815
1.0741713650647724
1.1040137084494408
1.0318335748751286
1.1519572512335716
1.1470673727233913
1.239840548110385
1.1461216814662096
1.3394545560602018
1.3365208397009232
1.1491583559498966
1.4371050153531333
1.3375377134546045
1.342538398540169
1.2438949714593246
1.4450853722260315
1.3514874311616745
1.1561537611580577
1.542583536094169
1.541606754371565
1.6499680027806665
1.5445862275050044
1.7614538425250617
1.7624352396913103
1.5515496408110123
1.1669466767479233
1.263627478083262
1.1812358224039823
1.3642145784755781
1.1987092343920862
1.2515763700491567
1.3570501476554782
1.3463024475456673
1.4683765807353075
1.4449320906977574
1.585572262118558
1.5689715980094294
1.6734259682764847
1.5562752335335448
1.7966327776148667
1.781985103083204
1.5474789811826448
1.7085806908843617
1.8376474810971857
1.8151867170276486
1.9717326310593084
1.9248576979314183
1.6538852337908039
1.7712408117535472
1.7643960475663523
1.8936097282939057
1.8779727288489343
1.2973115860500637
1.2192633393951584
1.3804236246564277
1.3998213387814065
1.4687048028129914
1.506235814665731
1.4223229701178322
1.5624506331392676
1.5771117889838373
1.6893785290930965
1.5952424138371013
1.7891510739598346
1.805741635912085
1.6165669520203185
1.6618727441956946
1.7673777614680786
1.7763024097940217
1.8779604445246734
1.8937924822990049
1.7307560850912143
1.641026616933952
1.8257815373701725
1.8491165184567393
1.9252365776146905
1.9698869119073947
1.8754226602163302
4.544191681978592
4.846939445967443
4.251204300569995
4.398971249765234
3.9680046154482085
4.257438170721581
4.550309204735006
3.6945663268046456
3.8325477126373055
3.700779126748038
3.9742110601373595
3.4371059532384125
3.5728653180635828
4.119758098269047
3.430894631169309
3.176988339878392
3.305203044032189
2.93284772444004
3.1832000064401065
3.985972551273939
4.269078695067707
3.712512052353686
3.85609058049024
3.448845618255275
3.730114237041054
4.003454511103619
2.698472722217171
2.816921745045518
2.7046843271348022
2.93905931052372
2.480074948239686
2.596301769825046
3.065051824880576
2.491813331122022
2.7164226891941032
2.840447083114667
2.9507977608900315
2.7340019794513077
2.968376677536824
3.1949380821402595
2.2769695771292824
2.3912282785662597
2.2945487997511895
2.509392533108423
2.0894706707508
2.2017754116787787
2.631462966134176
3.3287293106915463
3.2125185811933266
3.4664194150535854
3.1002139431826485
3.6080439769300394
2.4738633477366374
2.2590195976160548
2.3677029923893045
2.0539414726450635
2.265231199156932
1.858628972639452
1.957546742247789
1.8648405739930483
2.060153073947219
1.6792936989367981
1.7759892665022665
2.1666142667851824
1.6730820976419487
1.497300847638877
1.5864529922264357
1.3312852226270975
1.503512448883198
2.0718914530071064
1.8765789526557275
1.9810720252777054
1.6910320778801657
1.8941581729033725
3.4898799254378146
3.753454582872079
3.2359507245234296
3.3756221150044414
2.991815517426539
3.2652705528862143
3.51907958532689
2.757439238272255
2.887323332366468
2.7867373954035006
3.0211069775819723
2.562126743734997
2.69005771172361
3.158825240132036
2.532830164938721
2.3179863443519237
2.438103606520004
2.112908239353896
2.3472833008836727
3.0562861787916793
3.300329584119516
2.821888233145166
2.9576533730337795
2.597284281610614
2.8629268137563457
3.097204594552036
1.1750352226243361
1.254421742220789
1.1812468249848842
1.3374968240959046
1.0347624503069035
1.111926767263797
1.4244267671120032
1.046500800489309
1.1929852005250448
1.277947016398509
1.3492352059174002
1.210564354909919
1.3668144017932446
1.5152508291770677
0.909782029789307
0.9849782262013426
0.9273616606260975
1.0640800156290724
0.8004093002189411
0.8736518177581846
1.1470879218830285
1.6099782778391005
1.532830049550614
1.7086113006681511
1.4595878729013347
1.8111504142068784
0.8238450816365106
0.9508004980984692
1.0318553407848214
1.0875184517324477
0.9800927426534375
1.1168163279631562
1.2340020725599317
1.2056834417118947
1.263300314649931
1.4195492125279539
1.3248225000595593
1.518182211309108
1.5855643887378794
1.3902518814203846
1.1519643557748398
1.29845666783172
1.3951359969181856
1.4547071981871982
1.3394600923225313
1.495721421848307
1.6207214929914815
1.5562675519269464
1.6568534689924572
1.7320488520641368
1.7613456310138091
1.9175957385569031
0.7066470877407307
0.7779329613896464
0.7359222857676022
0.8531248955900506
0.6285303390448127
0.6978730618967296
0.9322229644667905
0.6638859580555629
0.7711230355282248
0.8482801518672332
0.8882618545811827
0.812372187294196
0.9293443111664654
1.0152272329206244
0.5665417743394576
0.6339582515045017
0.6077587020987227
0.7052796660978005
0.5191200829868003
0.58453503307682
0.7805060920004632
1.1021377571616324
1.0562286663804417
1.1929545850332173
1.0143154225574347
1.2876777571575548
2.027947308088821
1.94689258619553
2.1422051033633407
1.869744047638577
2.260369234356565
1.7965019658080321
1.9820486957884322
2.098259686824197
2.1773613531113956
2.0230646865257116
2.2183765618668128
2.3824392396809926
1.7271670599475675
1.6617389976909815
1.8375188816140708
1.6002129465023986
1.9517770613013765
2.5084170730378643
2.4234560297570287
2.6382944572354283
2.3424012773432255
2.7721064515335323
1.0285508477129204
0.8918320979153671
0.9614529931057021
0.7648789726204228
0.8980436941917143
0.6476914703358396
0.7075467332949503
0.6539030631241072
0.7710905528482512
0.5464813423885493
0.6041145794774354
0.8384892304396883
0.5402695929325432
0.442613357493842
0.4927030388761533
0.3547227866952096
0.4488253850503242
0.7828290342744593
0.665642001798818
0.7310728560197663
0.5582203839262698
0.6832212474303245
0.2765977752861023
0.31692185078599877
0.2828054636952887
0.3609342383123806
0.21444014252539573
0.25253811958804495
0.4088010626729329
0.22621456220864533
0.29453126750571046
0.34042919021069784
0.37266207331944445
0.3121875025821429
0.3902342023710919
0.4605614933719727
0.16778093655457776
0.20395968710394952
0.1856631338124829
0.24404301936225614
0.13642552013160947
0.17059150824294603
0.288031080949836
0.5162247827640731
0.4781237291091537
0.5757931541159238
0.4439468226877674
0.6392671888991137
0.20823782881792807
0.1496426615053031
0.1801974274813038
0.10081682722015198
0.15586086218374018
0.06177940139712487
0.0826038538282606
0.06823462476985274
0.10712511675511666
0.03878308465728457
0.0573506723211613
0.13550533546798837
0.03255083820108877
0.012994086215892106
0.024059092010395994
0.11916197647774075
0.0798073285337087
0.10616451992324627
0.5992097734554633
0.5015671065576961
0.5630949816203821
0.4137919480425199
0.5310254499109834
0.33592382981579716
0.3877212429025345
0.36548232999834873
0.4434233375362557
0.2965238483528059
0.34631345626991594
0.5030301602202336
0.26776741555346917
0.2086630366352883
0.2506404180530363
0.47881189926929424
0.4000093284581413
0.45761152392412996
2.6851922556959185
2.9097045527467147
2.4703255558593815
2.602184485940744
2.2652534327551663
2.5230838694541182
2.737829330568637
2.06994113129689
2.1920130412198473
2.12267799843784
2.3179844982113345
1.9371238491543248
2.0572410493087574
2.447890579626415
1.8843956657192926
1.708610545894502
1.820914331945287
1.5425801577262408
1.7613248018995047
2.37660143137098
2.581582962023024
2.1812577332905434
2.309208472949077
1.9956950681049404
2.2457065625162933
2.4409477505309813
1.3863073055032
1.4888432634257582
1.4390438671043968
1.5952856273284186
1.2926696877340067
1.3932678696236342
1.7056345227739425
1.3515787093637968
1.4977726485904932
1.6061840872521056
1.6538920281639093
1.562562500918229
1.7185016689176504
1.8198895056597837
1.2152157650844493
1.3138736330529213
1.2797466581937256
1.4164369137285635
1.1518195626051773
1.2484859326367923
1.5229057553688556
1.938052526668678
1.8843679104334399
2.060115313397989
1.834727428218173
2.186113590482627
1.2398227082202964
1.1031934038132132
1.195978181406717
0.9764833467399865
1.1562189512608914
0.8596376007006165
0.9426742602935729
0.9125105140814296
1.0296161348877697
0.8042183833717642
0.88525902613322
1.1204632848785776
0.7523244930031652
0.653856392599207
0.7270841735549891
1.0883176736343765
0.9702061036951568
1.0590596154794842
2.130488983048015
2.315890647359684
1.954852200022676
2.0789163151936005
1.7891712310404366
2.0314220198411688
2.2067432902589923
1.6332797470717693
1.7475608759580235
1.7094731659586433
1.8657412053836464
1.561924054809531
1.6742142595064595
1.9878497666894317
1.4867980686400792
1.3490587673525058
1.4535378689532035
1.9477663895780708
2.1138097026202427
1.7904158293177848
1.9105499160646349
2.0341446889915282
2.9195523131667436
2.9393842473967444
2.8363420679127787
2.9687497808013203
2.7573233684255154
3.0078178772850084
2.8950439715361598
2.82581219994694
2.7867257855894394
2.874645914133093
2.7603569802470993
2.6821115860477684
3.0566423651804238
3.1152342881354445
2.9927020325445532
3.1835934577679907
2.9332410917766554
2.610825542541507
2.649987787787561
2.543442009212077
2.69883958996297
2.479965786831114
3.261718641926458
3.129421702022148
3.0797258993653456
3.001600831787468
3.167616524998049
3.0338017479103927
2.8775513623849447
2.9918156245857945
2.903924928852878
2.777946622744844
2.825799632433191
2.734001646804092
2.65587534127668
2.757438949505985
3.0894719011341776
2.953728262615315
2.9195489142275663
2.8218925884937516
3.0269707503784185
2.8892753559819724
2.6939625106627165
2.641221057461654
2.5875104389535672
2.528893249012346
2.537705666164398
2.4203954558041696
3.349609374829961
3.4472656436447133
3.3052030092646856
3.554687518815518
3.2652727775071906
3.6718750184917823
3.5200467553747767
3.4898821378623097
3.3726946621299234
3.6168351529240006
3.4634891662085456
3.2291142786865237
3.798828090345893
3.9355466910436316
3.773952853728428
4.08203100475156
3.75355380717507
3.196893771925187
3.314081188738613
3.168571961920941
3.4410341913827973
3.1441581269769623
2.364731398160238
2.423424432497182
2.3129735789184354
2.491807245470561
2.265122016509067
2.569937783774267
2.449815057003554
2.4117291275867077
2.333580680496106
2.4996252780713544
2.3775494376576445
2.2211767044907766
2.6578297234188515
2.7554862524584367
2.6256031376958324
2.8629080869998074
2.5972827489079062
2.1811376460163503
2.25936193948543
2.1450048399614072
2.3472759531497838
2.112778261916139
4.238281574417515
4.066921963096993
4.056289739103768
3.9000385296296862
4.222306588791378
4.049429275333243
3.7369268235522997
4.046504511664438
3.880489954550937
3.7154493567300553
3.7242385425202755
3.7105664883117306
3.554316752768787
3.577753135977261
4.222278206635434
4.0474729310578255
4.052343771498252
3.8765756810887497
4.237882446722093
4.061124102632617
3.7095842578557283
3.422478211775915
3.407830887938613
3.271111318293836
3.397089957498264
3.123650267314795
4.073834173802534
3.8882722563784293
3.7193268068244008
3.7125018654943167
3.730079206087244
3.554287803408897
3.5464991666355106
3.393155258889948
3.3882854055843676
3.232047592834035
3.3873202730924463
3.080681105293804
3.0855669451606094
3.3902542990673012
3.4019494562164256
3.2359291919235202
3.082609614560245
3.079694251418611
3.0894453066626273
2.9331965309892736
2.9332207970544166
3.243769490746927
3.0943552342228027
3.107049292308681
2.948847219071806
2.9800955726588008
4.269205718726203
4.09049162204758
4.111087803063759
3.915683438462191
4.3162328255478055
4.13557360806243
3.744781152780967
4.1638862264515595
3.9588207402564572
3.7859741657683577
3.763429618678292
3.8123382768833336
3.617033810865837
3.5777847642684515
4.378632578448228
4.19601196882371
4.232015111735323
4.017298529987642
4.4565433554422516
4.27194477852748
3.8424924161105283
3.414694278862477
3.4313940947684904
3.2555097150390155
3.4519995784151627
3.1002311075132347
2.8404471018291275
2.821892780577145
2.704704840334024
2.807245433531249
2.572868600449124
2.7965043542418027
2.6695498418176626
2.535760268388688
2.5523609716062445
2.523066213083503
2.4058759552107998
2.4449376204093802
2.789666646555707
2.7867282279504657
2.6500186028590638
2.787689928270974
2.514276481167022
2.320908669630132
2.2984477695526473
2.200768068505365
2.2798936764965925
2.084457872736613
4.404298733780603
4.580081143689314
4.3989554924441485
4.765625033336452
4.398085922683155
4.9609271264754975
4.770038190847551
4.778924388027282
4.583624324512721
4.983999699369404
4.791590483157971
4.40098224435418
5.16599150291498
5.380833764103922
5.180181790433563
5.605473011506403
5.198868657535156
4.407812129454945
4.603119184607988
4.4185467521201005
4.808219892247479
4.4332141398890315
5.839912513345348
5.6294826881322235
5.657978494858377
5.4235358794391395
5.902160020451694
5.690222571066145
5.221360425903015
5.726360741766186
5.482224366437553
5.27812502659153
5.247804901025539
5.312299962181821
5.077933949709256
5.023122596493068
5.980244792226557
5.766368646495309
5.810288020670067
5.556400892485153
6.073913348382857
5.858073490634497
5.3503392934693
4.828783303013645
4.853274506129083
4.638351739556943
4.881648929067537
4.451825712289869
6.0841277698593865
6.338083061172376
6.1178625768857895
6.601769614957186
6.156068293188005
6.875221433315148
6.645209415744757
6.693189220813606
6.419734935255598
6.976351174674952
6.744860443944883
6.198019472279746
7.1584619055341365
7.451391736057425
7.211596174748158
7.753560455215003
7.268927577013712
6.243916478489692
6.5173106551280275
6.293658270437229
6.800148145611515
6.3470052105897885
4.474369255066151
4.689270469677796
4.500798433324714
4.913867529509323
4.53106281884094
5.148184430796324
4.949936238953059
4.989904380358942
4.755594814626951
5.233986607028971
5.033768203428027
4.565160229827313
5.392284360917028
5.64613918422891
5.438110237509653
5.909486192618922
5.487590053416115
4.60314797205603
4.837454934611046
4.645046693049093
5.0813163423303624
4.6906645306174175
2.0600437463354115
2.1577997559863604
2.0395362506278794
2.2652464755649238
2.0229357576399742
2.3824395189163248
2.2545044913015877
2.2476635805031164
2.130457727111841
2.3746072171044563
2.244720767426574
2.0102412898018542
2.5093867790004474
2.646089748554818
2.508395781244551
2.7925672397286885
2.5113154650410254
2.001449113192083
2.118722696840601
1.9965550636260307
2.245684244548883
1.9955639254742428
2.948858511920449
2.8013920062021045
2.814187972372344
2.6578316738820096
2.9803321172110584
2.8309206013884864
2.518177505916758
2.851472323789438
2.685413947279274
2.543811462244575
2.529015548833849
2.562443732364247
2.4061117361222335
2.3824289563964065
3.027080003466587
2.875723805661523
2.9037217785890466
2.7282778455552066
3.0890684101158494
2.935697222333701
2.584743146555849
2.250583041120228
2.259457505307836
2.1226262975565264
2.272310792844114
1.998500813767393
3.1149804922598032
3.290871340593003
3.133648928517294
3.4764195718534836
3.156130751407613
3.6715938133676973
3.5046029491868325
3.5366202612392197
3.3415201054156753
3.7415757688341698
3.5725941960269143
3.1823456375546186
3.8765058317018335
4.091250794439453
3.91446120422496
4.3156339348842465
3.9562236570751717
3.2123587030325718
3.4075161203490527
3.246341070365447
3.6124325111653
3.2842589713840313
2.0054073407081283
2.1423942606292288
2.0163037570180737
2.2890351608779866
2.031119222172941
2.4451206914653483
2.3094096586013007
2.33332730901628
2.1775988138790616
2.498969716700307
2.361163239299777
2.049628765375501
2.6107107372810576
2.7862260436980906
2.640652180016306
2.9717013732108963
2.6747596751175564
2.071535106733392
2.2271872617070274
2.0969005645570693
2.393445344366272
2.127704225429846
7.571694653558145
7.396322931624668
7.330112089760094
7.2268643618011215
7.092917067279299
7.063018470215049
6.990977145795848
6.75968267842833
6.923337087940629
6.601667373145755
6.532133789790419
6.859498533199295
6.904745172224066
6.7521851823649754
6.674723069030195
6.605502519674042
6.449256807911781
6.630019996025573
6.466320191422544
6.404439622680105
6.308528597513
6.182767714347687
6.46478063600876
6.381407064724328
6.161780907041686
6.302578799004382
6.02693485060274
5.9459292422341505
6.227551201727903
5.734014847572502
5.868952824476873
5.795915623940352
6.009784305112534
5.585954439540401
5.726692512668327
6.156357009392486
5.605036086350251
5.525999283510054
5.321891691823805
5.450968655381047
5.1987813845746675
5.121689934380186
5.379898531198458
6.088821804990968
5.873023730371295
6.024952927245027
5.661132061194973
5.965001841940627
6.330009984974477
6.201137767475781
6.111787036600081
6.078120575682683
5.898028061302837
5.960944350526497
5.865746344229617
5.657848763263415
5.775011786322169
5.546528808093289
5.453722577412698
5.688042681473879
5.849615106028701
5.744142422549824
5.643098222394089
5.644530935857723
5.441058404797488
5.481995318848064
5.364839947668491
5.279846931937779
5.2535343935284935
5.081606772251629
5.751142601622057
5.599214961858288
5.541189888840303
5.453147363943415
5.335143766165485
5.312653744655599
5.249069546052215
5.048898668952449
5.189105704157102
4.914239392212061
4.852634759204307
5.133004264090827
5.177748358859734
5.04860872338047
4.979503746082356
4.9253945544370765
4.78516466047571
4.934771428393736
4.794625776577323
4.740445311041491
4.660277852014957
4.550025974697977
5.550780695679927
5.443874577582809
5.247694282434402
5.341445768575069
5.159803613681065
5.055285737752712
5.242790172564051
4.866815214289793
4.954706934045021
4.858028462319087
5.0484599464094
4.671504993091839
4.765257931292418
5.148071717810961
4.784784069222647
4.682243457887158
4.501579734454424
4.583611708557646
4.4254080638761035
4.324821855026583
4.488887356037747
5.057244875934293
4.86486329556665
4.970311770808064
4.676387454623038
4.887272652167688
4.151970334327043
4.2281426038249315
4.135371026101579
4.310176072679901
3.964472249628261
4.046506787398785
4.398069934831405
3.9615458655915234
4.134397061180405
4.228132483393837
4.311154389932699
4.149000983314356
4.327709251476582
4.491817862253802
3.7926008030091443
3.8804800448033485
3.8033036529648108
3.9741991249878224
3.6363145381127984
3.7300299361928113
4.073777908446074
4.59140965402945
4.510323945678946
4.696845085830201
4.4331525940035394
4.808153805811212
4.081658085301058
3.9830250474642455
3.8179860155062935
3.8882986479268657
3.753533101811403
3.6568532042398276
3.7974797395521875
3.499626504629094
3.564079736897276
3.4752134944304185
3.634393495400958
3.319939630480188
3.3902550389097694
3.710568484255827
3.4410321813737497
3.3463054532340024
3.1968880942909568
3.255484989599439
3.1441396831866673
3.051366148653659
3.1685714442532316
3.6275618726737067
3.4664290723977054
3.5484521627100056
3.309202383032555
3.473231743948535
4.7330054656342035
4.544522737358777
4.661871999752691
4.359946409587856
4.594731028972305
4.179276537407651
4.290758416528812
4.225579839480066
4.408202781275781
4.0468621206593625
4.164281922589506
4.53144898289243
4.00251318118864
3.8296564094936567
3.9352680526799615
3.660706298762319
3.872049536710022
4.47182798012309
4.28728517510579
4.4157760488600974
4.106649465188179
4.363513494798957
5.46289042026627
5.380859387601118
5.268093470655837
5.304687540258512
5.077772658378755
5.234375013139049
5.115749897345362
4.931288425326551
5.001600922774313
4.8668352785698765
4.750598663696606
4.891223556064114
5.169921873781583
5.11132811825976
4.986843617169601
5.058593729362499
4.8082415213399
4.708612460755319
4.63830004975113
4.529900114176385
4.573846911690099
4.355095783332196
5.011718720701065
4.881374858021297
4.70863214209901
4.755507145060633
4.6676165181595035
4.539661070430142
4.633411137358765
4.374627906884511
4.415643717448285
4.2955250913422365
4.462518756468058
4.132439306202388
4.1793144921745995
4.515253142609428
4.339470843706662
4.213492874134291
4.056263285837134
4.0914228912599615
4.026952195565824
3.902928721514429
3.973258749164442
4.400993910482587
4.232048921728449
4.2906427012723345
4.067009731733833
4.184197278938063
4.97070324220836
4.935547867595263
4.799343449153959
4.906253643308117
4.632460216705314
4.8828183965725955
4.740749827238433
4.579720400566819
4.603162621423159
4.562119647538005
4.422456493108392
4.469347689123165
4.86521692759905
4.85334380063791
4.705589440808511
4.310170508588014
4.286718396757039
4.154881642445705
4.017205111395599
3.958611328750357
3.854119133130066
3.9058767485528625
3.694939264215189
3.859000953598427
3.748649388992927
3.5953257276894837
3.642204088569195
3.5542959187714005
3.445897480460963
3.5396650368262152
3.8179819813223665
3.782811546781051
3.6666006063461953
3.388294498845106
3.3414052969295787
3.2408193727623873
4.180907963183989
4.052557653556474
4.0022094926962115
3.9299208731329935
3.827418223350126
3.812737374316416
3.757099413176607
3.5881850871483287
3.70497207308048
3.476814155962849
3.4231778799166817
3.656534330463935
3.7011419952424043
3.59540114785505
3.5341394006523696
3.4956629332859412
3.3710416554458495
3.4895580351251403
3.3730212397136334
3.326489616632185
3.2620777550773323
3.167329423751971
3.4019087974185584
3.334526403878259
3.1772968029045336
3.271158192819825
3.0894144228583578
3.0239742057726176
3.2118486611937165
2.8745585995248035
2.9625400507679114
2.905176509258742
3.0565603171654008
2.7576970578767677
2.851824281132651
3.1565106032529977
2.792545653952761
2.7290495976816285
2.587445274254301
2.6695475206431887
2.5112863739406155
2.4497373178727373
2.6141214814723943
3.104884653272845
2.9515984976557297
3.056707576702023
2.802219208996065
3.0120778718172154
3.3140552233050267
3.2320486340210297
3.158784904182725
3.155881704695184
3.007420628699589
3.0855656463817143
3.0064665864257787
2.86095508301396
2.9312684930226904
2.7964847161121886
2.719338915055239
2.859961889820921
3.021106983153099
2.9624987640223095
2.8775379697219456
2.71640670698595
2.646096135104676
2.5767468575200723
2.8607353792823984
2.756033764515313
2.713302083488978
2.6567466970728586
2.5697767869661137
2.5627501551815097
2.515180581287412
2.3775183968694704
2.471002667224231
2.2892601828493175
2.243747080257006
2.430153293202789
2.474447905160452
2.3921675786798335
2.3386679792070355
2.2944083774784114
2.2016312301017784
2.162467213394682
