0.0
0.0
0.0
1.0
0.0
0.0
0.0
0.0
0.0
0.0
0.0
0.0
0.0
0.0
0.0
0.0
0.0
0.0
0.0
0.0
0.0
0.0
0.0
0.0
0.0
0.0
0.0
0.0
0.0
0.0
0.0
0.0
0.0
0.0
0.0624999999998706
0.124999999999774
0.187499999999591
0.249999999999408
0.312499999999224
0.37499999999904
0.437499999998856
0.499999999998672
0.562499999998838
0.624999999999004
0.68749999999917
0.749999999999336
0.812499999999502
0.874999999999668
0.937499999999834
0.87890625000006
0.7656250000000437
0.6601562500004193
0.5625000000006195
0.472656250000968
0.39062500000118877
0.3164062500012341
0.25000000000133005
0.19140625000101852
0.14062500000074848
0.09765625000052
0.06250000000033251
0.03515625000018712
0.015625000000083253
0.003906250000020787
0.12488799358024448
0.14086763619420145
0.015484965360511724
0.04684300106978586
0.4222125442111478
0.017656156134834185
0.0018997291163604423
0.04893342552337511
0.06264125046884506
0.09587028815654457
0.14680241904514751
0.052486423675788284
0.010179430313116423
0.013739560539385501
0.006079117809095445
0.031494263789462185
0.08777622790881512
0.28729771836751805
0.4788168660606824
0.28151303827409707
0.6703169648978051
0.24441786467934298
0.3421608756181836
0.12354515572051188
0.18782410261558735
0.00223817833710682
0.0002220584691770377
0.006150236268118114
0.00789936877457461
0.012022393009849426
0.0184507211080756
0.006498106235736722
0.01984735076298587
0.03134180660877457
0.05944828318076753
0.0359975627383487
0.08876237379894994
0.09781221236601242
0.03535646151842179
0.029625495629618883
0.04135829448658178
0.07043309862177621
0.055061430453928736
0.12398469098246905
0.06008080291040181
0.030326309789550934
0.09905730275211268
0.09409321208327126
0.14798172117049366
0.13900210640931213
0.08341684597018716
0.0037112035906220918
0.0036787135335891907
0.003159240984335492
0.012202341801582917
0.0025792168681030556
0.024569234951759424
0.028581320633560236
0.001997722408969227
0.008129273477959949
0.01561346540686883
0.02010193868783556
0.011111348183938139
0.023563794532637822
0.03937521028207066
0.0014164538772949205
0.0008350353176186881
0.0040254147002436146
0.05516745952474796
0.06705653060250838
0.0428469770328366
0.07040931077945015
0.10744123779169748
0.1649294214210996
0.2748213710553878
0.19156977037182074
0.38470869131091373
0.20648147693226318
0.4945931366611249
0.38301907296480947
0.37162307821262297
0.28901513545313867
0.4540782919401146
0.35184855449280233
0.21113092252233445
0.6045466386432115
0.7141898514289375
0.574374350744254
0.8243839366747797
0.5367440053431409
0.20702806332974083
0.266220718407004
0.19573099117110268
0.32525840792160804
0.17822926586952564
0.6195056746762698
0.4434816850170361
0.4927154936197675
0.29707947516341415
0.38445540041445797
0.17994192982353757
0.21919815147180294
0.1559345137455026
0.2574231015224316
0.07978982894811602
0.10582856901281465
0.29328446433927197
0.0921055290766129
0.03355002808977758
0.05521673657096387
0.21773934630756378
0.1318775697091264
0.15634912246712263
0.0002899427480153589
1.87343782950522e-05
0.0007831831094325071
0.00101253169854593
0.0015188479175973451
0.00234693849342419
0.0007876909830821716
0.0025000050079780653
0.00394811153016562
0.007475097793510202
0.004549067836863005
0.011140578356962765
0.01228431661364732
0.004475896381974707
0.0037257928327515035
0.00519571943354648
0.0088421620117007
0.0069097401626547796
0.015541769722238634
0.00758241310435194
0.003742026512995716
0.012472243714242319
0.011849472099452939
0.018559335764056183
0.017460064767373266
0.010351331157303953
0.008867889425891833
0.015690748482090386
0.02654160928163668
0.020675625327745098
0.033139845898910364
0.03964934370176266
0.024010311839680422
0.055198380115623884
0.04420479986504461
0.046988902067731514
0.03443161675979892
0.061865775620344385
0.04818986275285773
0.025880698738739213
0.0674111190071073
0.07337057604299789
0.09435617480809849
0.07725366914809823
0.11314155018415374
0.11830498404189148
0.0792433949829797
0.026483409390210745
0.03623972257244837
0.026017789959586653
0.048011269013589486
0.02459718029919474
0.01107018741058553
0.013516605038003008
0.024492202101700045
0.016207257054097125
0.04047069950868536
0.019141656098415786
0.035246439465620276
0.057331259993733154
0.04853321112093674
0.06684955968999567
0.08263513984172993
0.0591931152343947
0.022321986479005435
0.025739075060978837
0.047946561881871574
0.029545792341000618
0.0771424157521781
0.08084896323522656
0.09548957759420808
0.10559725926890719
0.11142343071246119
0.13373829050143543
0.03344391921987312
0.022082291222142177
0.04664964970732879
0.04418300811309353
0.06198171667607195
0.05699883697882055
0.04040100739092571
0.07953269861163317
0.07833163794164795
0.09725527664897088
0.07583083787498321
0.12135352974519682
0.11888644523159288
0.07206886264579745
0.09931408094111531
0.12126923575631494
0.12221906871947223
0.14555522832125387
0.1483304470577545
0.0895992048771271
0.06677757660915007
0.1149982001415119
0.1096817109211192
0.14362905569178153
0.13283830612178127
0.10268892142300898
0.0015166193555859627
0.00077844694265741
0.001293346176677319
0.00417505150135584
0.0012209664793146105
0.008153841391662444
0.00804820750888943
0.0011164325698766358
0.0034586026163962837
0.006827691723366869
0.0073865074177546595
0.006220589311753043
0.011213971748319174
0.013387201876058125
0.001018971391167737
0.0009199206302063146
0.0028704304579281912
0.0008212316073107831
0.005624639064033581
0.019717074504111982
0.020641438612573434
0.017989774432739542
0.02696236189572066
0.016450185344510003
0.034939678460409296
0.03737656948790504
0.0007224575712472924
0.002288544868080942
0.004428088884087215
0.005026085411916455
0.0038300576114582347
0.007103761406206672
0.009155632251917279
0.010144590910918058
0.011717855009220787
0.01785790153333943
0.013293142525742707
0.02266985714910865
0.025704674955727806
0.014866522643792181
0.008571549062146862
0.013369224637549705
0.016575209280600925
0.019631398443368447
0.013474947711533672
0.019535177075407174
0.02754181651570402
0.02235667166597392
0.028751268366543497
0.031758528774924306
0.0354528931250606
0.043465926576288894
0.0006236950195277031
0.0005249320859063708
0.0017069549037064024
0.00042625193493484585
0.00323265120724903
0.00032773085819298546
0.0011264176704333698
0.002036068196246411
0.0026359264787449337
0.0014212681333008517
0.002973643606998577
0.00505518879789018
0.00022873657313125765
0.0001264280966292735
0.0005351661150838512
0.006989201065982102
0.005377542173484079
0.00881683898201549
0.052358862574178704
0.056797112874280534
0.04723853568599284
0.06143821148811937
0.042280778217084654
0.07052144315333725
0.07744212546905921
0.037280980335938935
0.04904248251994884
0.05551514063021947
0.0629663949682376
0.0479592348561344
0.061466417141084514
0.07941037034304195
0.032260819617449074
0.02718061453374853
0.03659502362779768
0.08786919195249164
0.09785484310214658
0.0772561305116513
0.09570910230136094
0.11608258700733691
0.08816232426864803
0.14680677625194585
0.10998626846537492
0.20547246212015347
0.12847269745211298
0.26414532857480194
0.2198758681539404
0.23115690471216424
0.17981354921135437
0.28250130017149006
0.23943360052821785
0.1437112046083535
0.32281875406148197
0.38149108224789674
0.3297662078909568
0.44015978488430113
0.33384431914693
0.15589926604050028
0.2003993510367049
0.1652181353710708
0.24490535182175635
0.17185169636669306
0.49882478832948374
0.4396474896561086
0.4365258935385153
0.385183062874641
0.4878947298328667
0.4309048149010369
0.33515769809393037
0.4229934104070959
0.3784358492718943
0.33029966611170714
0.3339114366068095
0.3245240361987443
0.2863147107260734
0.2894088344660071
0.46751254947672727
0.4129248411656314
0.4007966143016386
0.3627299583064457
0.4387592052418566
0.3868232993555758
0.31674405977242015
0.2477490894233298
0.2481486932226542
0.20999823052986943
0.24629847179210493
0.1759815586999884
0.5575001894367991
0.6162059391459064
0.5495649101776715
0.6749166326421788
0.539282468405677
0.7335236288568467
0.6594485046761414
0.6417600956336488
0.5906023054724646
0.6929048648864312
0.6220412772860016
0.5266751186378602
0.7919404648440745
0.8503567439408212
0.7689522532311057
0.9096587241441959
0.7447064610849796
0.5118770451236693
0.5561858975298195
0.49515243892639654
0.6010592306543489
0.4771895939686755
0.17778846654175387
0.21007072324630577
0.17745960845433503
0.24240776712573497
0.17520312774793148
0.2747836543865181
0.23666549655787392
0.22917453869023358
0.2022083356269848
0.2559369396579343
0.22000924086187634
0.17124006941493305
0.3070510160930827
0.33916235115509885
0.2955941720979812
0.371629838228666
0.2829153194036558
0.16571754430363098
0.18763026018857928
0.15862245187252777
0.20958366810519988
0.15014973174064578
0.7967481607789989
0.6904971760762689
0.7185968359659666
0.5918492360200657
0.6459889337466664
0.5009724897161704
0.5277475287444774
0.46857413846812596
0.5537205915848007
0.3906747133756363
0.4139400700077647
0.5783863115361079
0.4177702252475602
0.34214012070088334
0.3666196528517831
0.2740607918599771
0.3199222216197987
0.5156780908992876
0.4363587185809595
0.4576657296239254
0.36371201310422413
0.4041690260610039
0.21354616277033087
0.23484923120284767
0.1996255369707447
0.2562402723351512
0.15009171072090763
0.1679526678794552
0.2772691858252925
0.1397091395624399
0.18582897593648523
0.20351656143534064
0.2385330557227085
0.1720390224547495
0.22082303246728624
0.2978090095558177
0.10018150686637554
0.11469399170081072
0.09271638031983581
0.12933263647262594
0.06214073226151684
0.07354455767116971
0.14391356653902024
0.3176950021324864
0.27570937195921885
0.3368252377961774
0.23757178958179523
0.35500354192662337
0.16060329713606797
0.11523126109560303
0.13236134807269825
0.07742810512649602
0.10763954509172834
0.047182079573705446
0.059172924492759224
0.04394921649126996
0.07226333150263699
0.02263508735464809
0.031223068256171643
0.08597172335576547
0.02444571888156636
0.009089444595218531
0.015160503769913545
0.06723008209473667
0.040796984143318074
0.05116358181287712
0.30998545264046107
0.2536502084619185
0.26893007624592175
0.2030996932345091
0.23165128954414807
0.1582404099687173
0.17210885373477489
0.14440791472570216
0.18536816959281469
0.10850878650860206
0.11977413485462393
0.19795886907730492
0.11894636534449607
0.0851940059232417
0.09691042930796125
0.16765006622732045
0.13047496488969906
0.14048162945729709
