0 0 0
1 0 0
0 1 0
1 1 0
0 0.750000000000413 0
0 0.50000000000133 0
0 0.250000000000665 0
0.249999999999408 0 0
0.499999999998672 0 0
0.749999999999336 0 0
1 0.249999999999408 0
1 0.499999999998672 0
1 0.749999999999336 0
0.750000000000413 1 0
0.50000000000133 1 0
0.250000000000665 1 0
0.5 0.5 0
0.75 0.25 0
0.25 0.25 0
0.25 0.75 0
0.75 0.75 0
0.374999999999336 0.125 0
0.125 0.125 0
0.624999999999336 0.125 0
0.5 0.25 0
0.875 0.125 0
0.625 0.375 0
0.375 0.375 0
0.125 0.625000000000665 0
0.125 0.875 0
0.125 0.375000000000665 0
0.25 0.5 0
0.375 0.625 0
0.875 0.374999999999336 0
0.875 0.624999999999336 0
0.75 0.5 0
0.875 0.875 0
0.625 0.625 0
0.625000000000665 0.875 0
0.375000000000665 0.875 0
0.5 0.75 0
