1.0
1.1051709180756477
1.1051709180756477
1.2214027581601699
1.0914422644429544
1.0778841508846762
1.0644944589179606
1.0512710963761638
1.0382119970819286
1.025315120524497
1.0125784515406682
1.0125784515406115
1.0253151205243682
1.0382119970817254
1.0512710963758845
1.0644944589177534
1.07788415088456
1.0914422644429156
1.1190722569127554
1.1331484530667593
1.1474017059719621
1.1618342427281287
1.1764483184485732
1.191246216612279
1.2062302494209407
1.2062302494209838
1.1912462166124074
1.1764483184488024
1.1618342427284376
1.1474017059721866
1.1331484530669016
1.1190722569128178
1.2025044048983766
1.1590440312098245
1.0969118184078417
1.1590440312098265
1.3136250504465976
1.077626645189269
1.0463479886681657
1.1045476832663221
1.1311889338201657
1.132030334406616
1.1861322952143578
1.1494119499492372
1.1045476832664687
1.1320303344065927
1.0776266451894103
1.131188933820158
1.1861322952143474
1.2113038753667738
1.2928372786961548
1.2421315711545702
1.3662323490745771
1.2568884282039121
1.2928372786965756
1.2113038753671925
1.2421315711545595
1.03793909843714
1.022213060771606
1.0512962282357052
1.0637317319974897
1.0644173644516794
1.0897923615836962
1.0713462193835657
1.077751293617958
1.0909520266502277
1.1178379643742806
1.1042589823795097
1.1316819609309254
1.1450822029402528
1.116148355194212
1.0913087579106828
1.105062128745228
1.118366434735307
1.1221246033623853
1.145971294527137
1.142831239912639
1.1229097127813925
1.158419319303557
1.169728625086929
1.1726071667501259
1.198034797543155
1.1759710154109728
1.1050621287452862
1.1221246033624444
1.091308757910813
1.1183664347353797
1.0777512936181723
1.1316819609310023
1.1459712945271394
1.0644173644518915
1.0909520266503734
1.1042589823795808
1.1178379643743575
1.0897923615837586
1.116148355194189
1.1450822029402554
1.0512962282358393
1.0379390984372012
1.063731731997554
1.1584193193035486
1.1726071667501279
1.1428312399126215
1.1697286250869157
1.198034797543142
1.1685157107075466
1.2165630272887866
1.171400346239246
1.2651366109310278
1.1875590327998564
1.31462097836769
1.252153442285517
1.272337097196858
1.2299740500401068
1.3117466015230104
1.2809255591498747
1.2004709742269768
1.3637714953136557
1.4092015531990643
1.330532627619506
1.4343380057670156
1.3440903844095857
1.2141847506075885
1.2530480843426601
1.2251509618843024
1.2852568250208203
1.2289645397104192
1.4092015531992592
1.3637714953141498
1.3305326276196943
1.3146209783684424
1.3117466015231967
1.2651366109318396
1.2521534422859377
1.2299740500403382
1.2723370971970764
1.1875590328000865
1.2004709742269744
1.2809255591498634
1.2165630272893084
1.168515710707806
1.1714003462394436
1.2530480843426508
1.2141847506075794
1.2251509618842908
