0 7 22
7 21 22
7 8 21
22 21 18
8 23 21
23 24 21
23 17 24
21 24 18
8 9 23
9 25 23
9 1 25
23 25 17
18 24 27
24 26 27
24 17 26
27 26 16
2 4 29
4 28 29
4 5 28
29 28 19
5 30 28
30 31 28
30 18 31
28 31 19
5 6 30
6 22 30
6 0 22
30 22 18
19 31 32
31 27 32
31 18 27
32 27 16
1 10 25
10 33 25
10 11 33
25 33 17
11 34 33
34 35 33
34 20 35
33 35 17
11 12 34
12 36 34
12 3 36
34 36 20
17 35 26
35 37 26
35 20 37
26 37 16
3 13 36
13 38 36
13 14 38
36 38 20
14 39 38
39 40 38
39 19 40
38 40 20
14 15 39
15 29 39
15 2 29
39 29 19
20 40 37
40 32 37
40 19 32
37 32 16
