0.0
0.0
0.0
1.0
0.0
0.0
0.0
0.0
0.0
0.0
0.249999999999408
0.499999999998672
0.749999999999336
0.750000000000413
0.50000000000133
0.250000000000665
0.25080665710395483
0.18834520207507355
0.06327474229991148
0.1883452020749221
0.5632641787214925
0.047547041364641794
0.016250518058385184
0.07876077837023919
0.1257885512920366
0.11104654496503648
0.23520551924341532
0.14142501894606999
0.07876077837037439
0.1110465449649541
0.04754704136479673
0.12578855129194205
0.23520551924334188
0.32941673422406076
0.5479459895226854
0.3757661820392654
0.7665849949692531
0.39144492410757115
0.547945989523817
0.3294167342251101
0.37576618203915535
