0.0
0.0
0.0
1.0
0.0
0.0
0.0
0.0
0.0
0.0
0.0
0.0
0.0
0.0
0.0
0.0
0.0
0.0
0.124999999999774
0.249999999999408
0.37499999999904
0.499999999998672
0.624999999999004
0.749999999999336
0.874999999999668
0.875000000000025
0.750000000000413
0.625000000000951
0.50000000000133
0.375000000000998
0.250000000000665
0.125000000000333
0.2502111239221815
0.18770843858081096
0.06270668490795615
0.18770843858077316
0.5627117131079433
0.047078069361901544
0.01581569665940853
0.078324964993635
0.12521391044952399
0.10958169098744287
0.23458923130107417
0.1408350336695726
0.07832496499378296
0.1095816909874193
0.047078069362060763
0.12521391044949545
0.23458923130105214
0.3283177599974254
0.5470769894324814
0.3752130541898791
0.7658296695791758
0.3908367749181461
0.5470769894336339
0.32831775999857193
0.37521305418984957
0.011886060436121884
0.004063555842735622
0.019695214865773546
0.031453966221961026
0.02750546066609099
0.05880505158390415
0.035358161654033785
0.03531707933734431
0.06270009424459318
0.10567879536303566
0.08224320850784032
0.1291129066621289
0.15646217608599763
0.09396251647258205
0.04313075162652691
0.05093746199906387
0.09394204847861608
0.05901142209422755
0.15254708874344905
0.13693139914615943
0.09786516776800787
0.17599538598037698
0.18771265867269413
0.21505668910303452
0.24630612698283352
0.19161704530559617
0.05093746199909148
0.059011422094209724
0.04313075162658819
0.0939420484786914
0.03531707933745576
0.12911290666224176
0.15254708874342593
0.027505460666210856
0.06270009424474314
0.08224320850795219
0.10567879536314169
0.058805051584021176
0.09396251647255763
0.1564621760859669
0.01969521486584191
0.011886060436151964
0.03145396622202818
0.1759953859803545
0.21505668910300985
0.13693139914614225
0.18771265867267956
0.2463061269828196
0.17609925075865493
0.29323518730773834
0.21893816824910678
0.4104123683332537
0.25411763283397193
0.5276036643601468
0.43769977042881003
0.45724795907767934
0.35568469821487864
0.5588093633456053
0.4689620605693564
0.28146224442748013
0.6447943326483959
0.7619813907055603
0.6564514427705234
0.8791559610039938
0.6603703701675482
0.3009952977687549
0.3869315692109232
0.31271250714148474
0.47286834571211267
0.31661785759687133
0.7619813907060576
0.644794332649505
0.6564514427711015
0.5276036643620042
0.5588093633461393
0.4104123683351016
0.43769977042995306
0.3556846982153967
0.45724795907819515
0.2541176328344896
0.2814622444274477
0.46896206056933243
0.29323518730893083
0.17609925075922872
0.21893816824967402
0.38693156921091304
0.30099529776873524
0.3127125071414709
