0 19 178
19 177 178
19 20 177
178 177 90
20 179 177
179 180 177
179 89 180
177 180 90
20 21 179
21 181 179
21 22 181
179 181 89
90 180 183
180 182 183
180 89 182
183 182 70
22 184 181
184 185 181
184 91 185
181 185 89
91 186 185
186 187 185
186 92 187
185 187 89
91 188 186
188 189 186
188 69 189
186 189 92
89 187 182
187 190 182
187 92 190
182 190 70
22 23 184
23 191 184
23 24 191
184 191 91
24 192 191
192 193 191
192 93 193
191 193 91
24 25 192
25 194 192
25 26 194
192 194 93
91 193 188
193 195 188
193 93 195
188 195 69
70 190 197
190 196 197
190 92 196
197 196 95
92 198 196
198 199 196
198 94 199
196 199 95
92 189 198
189 200 198
189 69 200
198 200 94
95 199 202
199 201 202
199 94 201
202 201 66
26 203 194
203 204 194
203 96 204
194 204 93
96 205 204
205 206 204
205 97 206
204 206 93
96 207 205
207 208 205
207 71 208
205 208 97
93 206 195
206 209 195
206 97 209
195 209 69
71 210 208
210 211 208
210 98 211
208 211 97
98 212 211
212 213 211
212 99 213
211 213 97
98 214 212
214 215 212
214 72 215
212 215 99
97 213 209
213 216 209
213 99 216
209 216 69
71 217 210
217 218 210
217 100 218
210 218 98
100 219 218
219 220 218
219 101 220
218 220 98
100 221 219
221 222 219
221 65 222
219 222 101
98 220 214
220 223 214
220 101 223
214 223 72
69 216 200
216 224 200
216 99 224
200 224 94
99 225 224
225 226 224
225 102 226
224 226 94
99 215 225
215 227 225
215 72 227
225 227 102
94 226 201
226 228 201
226 102 228
201 228 66
26 27 203
27 229 203
27 28 229
203 229 96
28 230 229
230 231 229
230 103 231
229 231 96
28 29 230
29 232 230
29 30 232
230 232 103
96 231 207
231 233 207
231 103 233
207 233 71
30 234 232
234 235 232
234 104 235
232 235 103
104 236 235
236 237 235
236 105 237
235 237 103
104 238 236
238 239 236
238 73 239
236 239 105
103 237 233
237 240 233
237 105 240
233 240 71
30 31 234
31 241 234
31 32 241
234 241 104
32 242 241
242 243 241
242 106 243
241 243 104
32 33 242
33 244 242
33 1 244
242 244 106
104 243 238
243 245 238
243 106 245
238 245 73
71 240 217
240 246 217
240 105 246
217 246 100
105 247 246
247 248 246
247 107 248
246 248 100
105 239 247
239 249 247
239 73 249
247 249 107
100 248 221
248 250 221
248 107 250
221 250 65
66 228 252
228 251 252
228 102 251
252 251 109
102 253 251
253 254 251
253 108 254
251 254 109
102 227 253
227 255 253
227 72 255
253 255 108
109 254 257
254 256 257
254 108 256
257 256 75
72 258 255
258 259 255
258 110 259
255 259 108
110 260 259
260 261 259
260 111 261
259 261 108
110 262 260
262 263 260
262 74 263
260 263 111
108 261 256
261 264 256
261 111 264
256 264 75
72 223 258
223 265 258
223 101 265
258 265 110
101 266 265
266 267 265
266 112 267
265 267 110
101 222 266
222 268 266
222 65 268
266 268 112
110 267 262
267 269 262
267 112 269
262 269 74
75 264 271
264 270 271
264 111 270
271 270 114
111 272 270
272 273 270
272 113 273
270 273 114
111 263 272
263 274 272
263 74 274
272 274 113
114 273 276
273 275 276
273 113 275
276 275 64
2 4 278
4 277 278
4 5 277
278 277 116
5 279 277
279 280 277
279 115 280
277 280 116
5 6 279
6 281 279
6 7 281
279 281 115
116 280 283
280 282 283
280 115 282
283 282 77
7 284 281
284 285 281
284 117 285
281 285 115
117 286 285
286 287 285
286 118 287
285 287 115
117 288 286
288 289 286
288 76 289
286 289 118
115 287 282
287 290 282
287 118 290
282 290 77
7 8 284
8 291 284
8 9 291
284 291 117
9 292 291
292 293 291
292 119 293
291 293 117
9 10 292
10 294 292
10 11 294
292 294 119
117 293 288
293 295 288
293 119 295
288 295 76
77 290 297
290 296 297
290 118 296
297 296 121
118 298 296
298 299 296
298 120 299
296 299 121
118 289 298
289 300 298
289 76 300
298 300 120
121 299 302
299 301 302
299 120 301
302 301 67
11 303 294
303 304 294
303 122 304
294 304 119
122 305 304
305 306 304
305 123 306
304 306 119
122 307 305
307 308 305
307 78 308
305 308 123
119 306 295
306 309 295
306 123 309
295 309 76
78 310 308
310 311 308
310 124 311
308 311 123
124 312 311
312 313 311
312 125 313
311 313 123
124 314 312
314 315 312
314 79 315
312 315 125
123 313 309
313 316 309
313 125 316
309 316 76
78 317 310
317 318 310
317 126 318
310 318 124
126 319 318
319 320 318
319 127 320
318 320 124
126 321 319
321 322 319
321 66 322
319 322 127
124 320 314
320 323 314
320 127 323
314 323 79
76 316 300
316 324 300
316 125 324
300 324 120
125 325 324
325 326 324
325 128 326
324 326 120
125 315 325
315 327 325
315 79 327
325 327 128
120 326 301
326 328 301
326 128 328
301 328 67
11 12 303
12 329 303
12 13 329
303 329 122
13 330 329
330 331 329
330 129 331
329 331 122
13 14 330
14 332 330
14 15 332
330 332 129
122 331 307
331 333 307
331 129 333
307 333 78
15 334 332
334 335 332
334 130 335
332 335 129
130 336 335
336 337 335
336 131 337
335 337 129
130 338 336
338 339 336
338 70 339
336 339 131
129 337 333
337 340 333
337 131 340
333 340 78
15 16 334
16 341 334
16 17 341
334 341 130
17 342 341
342 343 341
342 90 343
341 343 130
17 18 342
18 178 342
18 0 178
342 178 90
130 343 338
343 183 338
343 90 183
338 183 70
78 340 317
340 344 317
340 131 344
317 344 126
131 345 344
345 346 344
345 95 346
344 346 126
131 339 345
339 197 345
339 70 197
345 197 95
126 346 321
346 202 321
346 95 202
321 202 66
67 328 348
328 347 348
328 128 347
348 347 133
128 349 347
349 350 347
349 132 350
347 350 133
128 327 349
327 351 349
327 79 351
349 351 132
133 350 353
350 352 353
350 132 352
353 352 80
79 354 351
354 355 351
354 134 355
351 355 132
134 356 355
356 357 355
356 135 357
355 357 132
134 358 356
358 359 356
358 75 359
356 359 135
132 357 352
357 360 352
357 135 360
352 360 80
79 323 354
323 361 354
323 127 361
354 361 134
127 362 361
362 363 361
362 109 363
361 363 134
127 322 362
322 252 362
322 66 252
362 252 109
134 363 358
363 257 358
363 109 257
358 257 75
80 360 365
360 364 365
360 135 364
365 364 136
135 366 364
366 367 364
366 114 367
364 367 136
135 359 366
359 271 366
359 75 271
366 271 114
136 367 368
367 276 368
367 114 276
368 276 64
1 34 244
34 369 244
34 35 369
244 369 106
35 370 369
370 371 369
370 137 371
369 371 106
35 36 370
36 372 370
36 37 372
370 372 137
106 371 245
371 373 245
371 137 373
245 373 73
37 374 372
374 375 372
374 138 375
372 375 137
138 376 375
376 377 375
376 139 377
375 377 137
138 378 376
378 379 376
378 81 379
376 379 139
137 377 373
377 380 373
377 139 380
373 380 73
37 38 374
38 381 374
38 39 381
374 381 138
39 382 381
382 383 381
382 140 383
381 383 138
39 40 382
40 384 382
40 41 384
382 384 140
138 383 378
383 385 378
383 140 385
378 385 81
73 380 249
380 386 249
380 139 386
249 386 107
139 387 386
387 388 386
387 141 388
386 388 107
139 379 387
379 389 387
379 81 389
387 389 141
107 388 250
388 390 250
388 141 390
250 390 65
41 391 384
391 392 384
391 142 392
384 392 140
142 393 392
393 394 392
393 143 394
392 394 140
142 395 393
395 396 393
395 82 396
393 396 143
140 394 385
394 397 385
394 143 397
385 397 81
82 398 396
398 399 396
398 144 399
396 399 143
144 400 399
400 401 399
400 145 401
399 401 143
144 402 400
402 403 400
402 83 403
400 403 145
143 401 397
401 404 397
401 145 404
397 404 81
82 405 398
405 406 398
405 146 406
398 406 144
146 407 406
407 408 406
407 147 408
406 408 144
146 409 407
409 410 407
409 68 410
407 410 147
144 408 402
408 411 402
408 147 411
402 411 83
81 404 389
404 412 389
404 145 412
389 412 141
145 413 412
413 414 412
413 148 414
412 414 141
145 403 413
403 415 413
403 83 415
413 415 148
141 414 390
414 416 390
414 148 416
390 416 65
41 42 391
42 417 391
42 43 417
391 417 142
43 418 417
418 419 417
418 149 419
417 419 142
43 44 418
44 420 418
44 45 420
418 420 149
142 419 395
419 421 395
419 149 421
395 421 82
45 422 420
422 423 420
422 150 423
420 423 149
150 424 423
424 425 423
424 151 425
423 425 149
150 426 424
426 427 424
426 84 427
424 427 151
149 425 421
425 428 421
425 151 428
421 428 82
45 46 422
46 429 422
46 47 429
422 429 150
47 430 429
430 431 429
430 152 431
429 431 150
47 48 430
48 432 430
48 3 432
430 432 152
150 431 426
431 433 426
431 152 433
426 433 84
82 428 405
428 434 405
428 151 434
405 434 146
151 435 434
435 436 434
435 153 436
434 436 146
151 427 435
427 437 435
427 84 437
435 437 153
146 436 409
436 438 409
436 153 438
409 438 68
65 416 268
416 439 268
416 148 439
268 439 112
148 440 439
440 441 439
440 154 441
439 441 112
148 415 440
415 442 440
415 83 442
440 442 154
112 441 269
441 443 269
441 154 443
269 443 74
83 444 442
444 445 442
444 155 445
442 445 154
155 446 445
446 447 445
446 156 447
445 447 154
155 448 446
448 449 446
448 85 449
446 449 156
154 447 443
447 450 443
447 156 450
443 450 74
83 411 444
411 451 444
411 147 451
444 451 155
147 452 451
452 453 451
452 157 453
451 453 155
147 410 452
410 454 452
410 68 454
452 454 157
155 453 448
453 455 448
453 157 455
448 455 85
74 450 274
450 456 274
450 156 456
274 456 113
156 457 456
457 458 456
457 158 458
456 458 113
156 449 457
449 459 457
449 85 459
457 459 158
113 458 275
458 460 275
458 158 460
275 460 64
3 49 432
49 461 432
49 50 461
432 461 152
50 462 461
462 463 461
462 159 463
461 463 152
50 51 462
51 464 462
51 52 464
462 464 159
152 463 433
463 465 433
463 159 465
433 465 84
52 466 464
466 467 464
466 160 467
464 467 159
160 468 467
468 469 467
468 161 469
467 469 159
160 470 468
470 471 468
470 86 471
468 471 161
159 469 465
469 472 465
469 161 472
465 472 84
52 53 466
53 473 466
53 54 473
466 473 160
54 474 473
474 475 473
474 162 475
473 475 160
54 55 474
55 476 474
55 56 476
474 476 162
160 475 470
475 477 470
475 162 477
470 477 86
84 472 437
472 478 437
472 161 478
437 478 153
161 479 478
479 480 478
479 163 480
478 480 153
161 471 479
471 481 479
471 86 481
479 481 163
153 480 438
480 482 438
480 163 482
438 482 68
56 483 476
483 484 476
483 164 484
476 484 162
164 485 484
485 486 484
485 165 486
484 486 162
164 487 485
487 488 485
487 87 488
485 488 165
162 486 477
486 489 477
486 165 489
477 489 86
87 490 488
490 491 488
490 166 491
488 491 165
166 492 491
492 493 491
492 167 493
491 493 165
166 494 492
494 495 492
494 88 495
492 495 167
165 493 489
493 496 489
493 167 496
489 496 86
87 497 490
497 498 490
497 168 498
490 498 166
168 499 498
499 500 498
499 169 500
498 500 166
168 501 499
501 502 499
501 67 502
499 502 169
166 500 494
500 503 494
500 169 503
494 503 88
86 496 481
496 504 481
496 167 504
481 504 163
167 505 504
505 506 504
505 170 506
504 506 163
167 495 505
495 507 505
495 88 507
505 507 170
163 506 482
506 508 482
506 170 508
482 508 68
56 57 483
57 509 483
57 58 509
483 509 164
58 510 509
510 511 509
510 171 511
509 511 164
58 59 510
59 512 510
59 60 512
510 512 171
164 511 487
511 513 487
511 171 513
487 513 87
60 514 512
514 515 512
514 172 515
512 515 171
172 516 515
516 517 515
516 173 517
515 517 171
172 518 516
518 519 516
518 77 519
516 519 173
171 517 513
517 520 513
517 173 520
513 520 87
60 61 514
61 521 514
61 62 521
514 521 172
62 522 521
522 523 521
522 116 523
521 523 172
62 63 522
63 278 522
63 2 278
522 278 116
172 523 518
523 283 518
523 116 283
518 283 77
87 520 497
520 524 497
520 173 524
497 524 168
173 525 524
525 526 524
525 121 526
524 526 168
173 519 525
519 297 525
519 77 297
525 297 121
168 526 501
526 302 501
526 121 302
501 302 67
68 508 454
508 527 454
508 170 527
454 527 157
170 528 527
528 529 527
528 174 529
527 529 157
170 507 528
507 530 528
507 88 530
528 530 174
157 529 455
529 531 455
529 174 531
455 531 85
88 532 530
532 533 530
532 175 533
530 533 174
175 534 533
534 535 533
534 176 535
533 535 174
175 536 534
536 537 534
536 80 537
534 537 176
174 535 531
535 538 531
535 176 538
531 538 85
88 503 532
503 539 532
503 169 539
532 539 175
169 540 539
540 541 539
540 133 541
539 541 175
169 502 540
502 348 540
502 67 348
540 348 133
175 541 536
541 353 536
541 133 353
536 353 80
85 538 459
538 542 459
538 176 542
459 542 158
176 543 542
543 544 542
543 136 544
542 544 158
176 537 543
537 365 543
537 80 365
543 365 136
158 544 460
544 368 460
544 136 368
460 368 64
