0.0
0.0
0.0
1.0
0.0
0.0
0.0
0.0
0.0
0.0
0.0
0.0
0.0
0.0
0.0
0.0
0.0
0.0
0.0
0.0
0.0
0.0
0.0
0.0
0.0
0.0
0.0
0.0
0.0
0.0
0.0
0.0
0.0
0.0
0.0
0.0
0.0
0.0
0.0
0.0
0.0
0.0
0.0
0.0
0.0
0.0
0.0
0.0
0.0
0.0
0.0
0.0
0.0
0.0
0.0
0.0
0.0
0.0
0.0
0.0
0.0
0.0
0.0
0.0
0.0
0.0
0.0312499999999407
0.0624999999998706
0.0937499999998222
0.124999999999774
0.156249999999682
0.187499999999591
0.2187499999995
0.249999999999408
0.281249999999316
0.312499999999224
0.343749999999132
0.37499999999904
0.406249999998948
0.437499999998856
0.468749999998764
0.499999999998672
0.531249999998755
0.562499999998838
0.593749999998921
0.624999999999004
0.656249999999087
0.68749999999917
0.718749999999253
0.749999999999336
0.781249999999419
0.812499999999502
0.843749999999585
0.874999999999668
0.906249999999751
0.937499999999834
0.968749999999917
0.938476562500031
0.87890625000006
0.8212890625000725
0.7656250000000437
0.7119140625002177
0.6601562500004193
0.610351562500528
0.5625000000006195
0.5166015625007705
0.472656250000968
0.43066406250109857
0.39062500000118877
0.35253906250119577
0.3164062500012341
0.28222656250123457
0.25000000000133005
0.21972656250116906
0.19140625000101852
0.16503906250087833
0.14062500000074848
0.11816406250062905
0.09765625000052
0.07910156250042076
0.06250000000033251
0.04785156250025463
0.03515625000018712
0.02441406250013
0.015625000000083253
0.00878906250004678
0.003906250000020787
0.0009765625000051998
0.12494585203781668
0.1406869705871338
0.015579107924926507
0.04686647683493976
0.42194455734260194
0.01759893890181944
0.0019356214893596437
0.04885549926483297
0.06253600357759007
0.09574658732263186
0.1465643942445139
0.052654126724543546
0.009869667690284287
0.013687979143430498
0.005914028628984609
0.03130962440571307
0.08785715578532763
0.28715736607199094
0.4785731672064867
0.28130399515994975
0.6700071218993383
0.24419161267066586
0.34189452273517
0.12317180614105633
0.18758093097884265
0.002207019448549918
0.00023746614273009503
0.006116659536261547
0.007830123267526634
0.011979311237496803
0.018336906800248083
0.006561000038666786
0.019795092920462797
0.03127408156532821
0.05935788110888571
0.0359171163660459
0.08865809946516573
0.09769565135577415
0.03519249304147325
0.029563999668058505
0.04128605028931583
0.07034319957103108
0.054965547375759816
0.12383201401844887
0.05986184346385558
0.03045513002196645
0.09892047398392834
0.09380993773546155
0.14777629607467768
0.13853332515863742
0.08364076902745146
0.003323757061338704
0.003690782891017235
0.0028113154194656115
0.011847064649497387
0.0022984229707193856
0.024276122323044935
0.02856824450074318
0.0017855291149749307
0.007891854824550699
0.015438013051374364
0.019857289322352378
0.011020468427797737
0.02347516867444539
0.039146589185141856
0.0012726357436195915
0.0007598903368484769
0.003936957075236405
0.054993404740131785
0.06711784444596006
0.04276572260182912
0.07035654421155854
0.10762682308846983
0.16483160998416835
0.27470173043271473
0.1914473979964279
0.3845718632078202
0.20634432996991908
0.49444235703137385
0.38286759821297267
0.3713933709971705
0.2888707928865907
0.453953861905111
0.3516601870350762
0.21098737822866426
0.604308112625905
0.714197915785211
0.5743113337396769
0.8240669786059085
0.53645457929106
0.20683992159152145
0.26596425020321
0.1953994800397696
0.3250119818446877
0.17801848150057492
0.6189882956451206
0.4432202658471484
0.49226514817515704
0.2967483676756535
0.3840985519291222
0.17957545410333275
0.2188603916811634
0.155620393329785
0.2571694946367291
0.07946262728654527
0.10556358739458593
0.29302466834214
0.0916993017931283
0.03311956877045019
0.05482653865624068
0.2175797287622261
0.13166416684486715
0.15629977378374754
0.00027977229208465124
2.7757308809419495e-05
0.0007687795307655632
0.0009874210949670057
0.0015027990798478553
0.0023063400856267154
0.0008122633311161596
0.002480918089630556
0.0039177246755024734
0.007431009475324681
0.004499693814821685
0.011094868748554417
0.01222595807960241
0.0044195563761049855
0.0037031745346462596
0.005169572634559399
0.008803841856050865
0.006880111223984478
0.015491031866975844
0.007510069522444804
0.0037908016222582197
0.012381479338623692
0.01176089951796434
0.018485685992672325
0.01735508472622012
0.010429384769854253
0.008834790447342145
0.015643061468111293
0.0264806516947411
0.020619630793024576
0.03307409419652614
0.039576509554963044
0.023948219039432082
0.05511377178506583
0.04412579587689193
0.04690508159033954
0.03435853291768884
0.06177097147201549
0.04809742181754516
0.025811988204084365
0.06732245117981983
0.07327554805047157
0.09424499218970758
0.07715344599133397
0.11304638724765387
0.1182061624358023
0.07913931124669378
0.026393302916233975
0.03613192222315281
0.02587953715088026
0.047884659738496996
0.024475676871053655
0.011033610296412259
0.013476570772819631
0.024435405638713735
0.016163671917344608
0.040399958701593255
0.01909491441031061
0.03518087597965194
0.05724897893390375
0.048458246455779216
0.06677251030952797
0.08255240935603303
0.059111053311034084
0.02227031016109776
0.025690091596461975
0.047879768072092335
0.02935653631378376
0.07703470187486347
0.08075187026331637
0.09540261548388704
0.10550623956043695
0.11128466276222473
0.13357174797380272
0.033305737424693074
0.022193311395098586
0.046458891001632155
0.04402833516393222
0.061834632645870705
0.056826544635859705
0.040547693492539116
0.0794159648405654
0.0781649621404481
0.09705883959167777
0.07558446375721764
0.12123393425651771
0.11870079471253718
0.07188344815046607
0.09919326703971226
0.12116867145658662
0.12211712650189235
0.14536078480843573
0.14811676215067615
0.08938219926907827
0.06695753600501048
0.11472283823908416
0.10950747875189258
0.1433004053709324
0.13248304328369645
0.10288372936090508
0.0010411787243795822
0.0009555381164730165
0.0009762169995780246
0.0035724400644281534
0.0009039244040870288
0.007560049122749333
0.007987248806699444
0.0008312538230747146
0.00306773877312451
0.006444552996412485
0.007005802088581672
0.005882916753522689
0.010858552868936786
0.01282880974835239
0.0007585631365518758
0.0006858713651223358
0.0025548698064092293
0.0006131795345796697
0.005321259117510737
0.0191961861271076
0.02060931484899608
0.017664865556987527
0.026479088362323384
0.01612702293224067
0.03449441228293729
0.03738166739142351
0.0005404877021230846
0.002041976071847063
0.0041979412899950785
0.004759600294672019
0.003636283578860493
0.006902950505876717
0.008880761850275191
0.00997412106119169
0.011512378845475757
0.017647684599890745
0.013050598170412639
0.02248881184871257
0.025491971800629426
0.014588820285688052
0.00843591853563104
0.013228515952604245
0.016484879346895555
0.019486006587841456
0.013471515884821397
0.019542694770438546
0.027391502332320624
0.02206687824336733
0.0284950175174688
0.03149773008934355
0.03522832822016643
0.04305905203064903
0.00046779586156242667
0.000395104032176
0.0015290824815858781
0.00032241257557838205
0.003074620821970535
0.00024971585963961076
0.001016170428095793
0.001951693520879452
0.0025129317693259367
0.0013889190919710013
0.002945483803089629
0.004925099055191862
0.00017705676470274045
0.00010437941634852845
0.0005031768711147616
0.006898854160772015
0.005356028159543922
0.008803666634893213
0.05198991099345182
0.056839566419416496
0.047039571843799505
0.0611038393477814
0.04208354352243196
0.07021757962170413
0.07751814386369339
0.037128111779988135
0.04887892736410614
0.05543214896685075
0.06282679431157168
0.04800740345350053
0.06152307914220116
0.07915030458573435
0.032174420946994145
0.02720032287879902
0.03662751968168278
0.08771774782312597
0.09795455148930385
0.0773574373196983
0.09568984063214234
0.11663673777721228
0.08801099997755599
0.1466697986312488
0.10989685263600073
0.20532775458219168
0.1283623601984402
0.263985774184416
0.21976666090271418
0.23102992739306047
0.17969594777883996
0.2823639326319912
0.23930236692456902
0.1435929433694378
0.3226438115474005
0.38130184701006165
0.3296368019777631
0.43995986621221406
0.33369793409962767
0.15577176320635622
0.20026915489434421
0.16508193023353268
0.2447671828056031
0.17170655108317856
0.49861790901259806
0.4395069229474661
0.4363662393254729
0.38503191902071765
0.48769958148088655
0.4307222496464092
0.3350123440648193
0.42275540479564355
0.3782614626301244
0.3301341121422333
0.3337634797172856
0.3243039468830099
0.28615708731795453
0.28926522680849787
0.4672632526979448
0.41266389451848207
0.4006406633901252
0.36245909182815816
0.4387135405233381
0.3867564668267284
0.3164658290449318
0.24760746965353653
0.24800644101441358
0.20985601625857592
0.246147288465012
0.1758287235757129
0.5572763267244492
0.6159330179786335
0.5493764227086013
0.6745884116720944
0.5390297567176091
0.7332634758597866
0.6592589963783139
0.6417219801144888
0.5903778210723075
0.6929314565472796
0.6220524955241361
0.5264402097847183
0.7919181434672459
0.8504346985763999
0.7689982832562807
0.9092417784112541
0.7443821375393802
0.5117830176664019
0.5561785418491823
0.49512656493298485
0.6007589729281757
0.47691081734953755
0.1776315770188946
0.20992168689364338
0.17729839424252197
0.2422103584370316
0.175010801771116
0.27450112739577603
0.23638205231901352
0.22888210930314462
0.201925766529267
0.25579141402949046
0.2198287519440577
0.1709507408014002
0.3068291570077203
0.339072371973834
0.29547832080562175
0.37137266162983995
0.28267935618442697
0.1653347659340682
0.1874073114839473
0.15834465364482647
0.209365610311437
0.14996819234408365
0.7958542054786821
0.6897613968330577
0.7179930689609596
0.5913655153974612
0.6453731995141022
0.5005603259793598
0.5274345889770574
0.4682591456405289
0.5532157340300841
0.39039087849117954
0.4136610429545755
0.5778189185837992
0.41731347840873345
0.341636616700542
0.36632112326885796
0.2735284372345245
0.31959515333905864
0.5151473743974225
0.43595375901344013
0.45717543561194246
0.36345743168730127
0.4037199475851634
0.21298837678310634
0.23449989665168156
0.19924869216667634
0.25588196262476903
0.14969537148895667
0.1675981645125258
0.27695822636372763
0.13936558212976677
0.1855008983437087
0.2032201239524354
0.23822757813217993
0.1717527519995558
0.22057468333193456
0.2975484175963294
0.09982202597539222
0.11436784507424022
0.09242154207527115
0.12903575526582278
0.06190486721586809
0.07333815951392528
0.14364232410003558
0.31746516643387446
0.2755010642503788
0.33651651699427565
0.23738191417296747
0.354597743355631
0.16001671465812806
0.11461341406387052
0.13197527005477028
0.07677847944841414
0.10722216143977176
0.04651179035278885
0.05874753420402865
0.04351554952281556
0.07182900553220023
0.022275180400476526
0.03090088800619263
0.0855813894079818
0.023813257556716302
0.008678891224110932
0.014808682983780474
0.06686992620765089
0.04050312559864684
0.050898820987963486
0.3096256424976688
0.2534400492785359
0.26862045124873607
0.20292447412279221
0.23139897095168277
0.15800519034876137
0.1719454680838882
0.14426141414213245
0.18526075453747615
0.10837008106753881
0.1196848084018034
0.19777803577438405
0.11870542746525703
0.08501561287212453
0.09675398569729345
0.16757459156126286
0.13050860761856475
0.1406043043405078
3.624284344743247e-05
2.3417972496084134e-06
9.789788864833108e-05
0.00012656646248681777
0.00018985598953854074
0.00029336731083085595
9.846137210565233e-05
0.00031250062636214277
0.0004935139420876875
0.0009343872199837531
0.000568633479876652
0.001392572308708919
0.001535539596284646
0.0005594870512721237
0.0004657241023458162
0.0006494649359847691
0.0011052702630790709
0.0008637174927117154
0.0019427211555822909
0.0009478016229654243
0.0004677533011984727
0.001559030474365202
0.0014811840763773797
0.002319916879735446
0.002182507823922526
0.0012939161887290428
0.0011084862894775163
0.0019613437476967742
0.0033177001972586654
0.002584453404390951
0.004142484610263517
0.0049561726077275246
0.0030012892669394825
0.0068997753581992215
0.00552560545700654
0.005873619155207773
0.004303950735851115
0.007733192046408937
0.006023739982775092
0.003235087666557869
0.008426479165423217
0.00917142744691743
0.011794023570411476
0.009656830602151327
0.014144725366163203
0.014790452348964913
0.009905562945582782
0.003310426591063189
0.004529963415463094
0.003252224011672227
0.00600141725525085
0.003074648694717714
0.0013837729759743583
0.001689577464111377
0.0030615283182833424
0.002025899548204514
0.0050588218773452605
0.0023927391880696884
0.004405856039717323
0.007166158899893192
0.006066713758295466
0.008357156689645586
0.010330541389081037
0.0073992139746235225
0.002790096398295177
0.003217971187475452
0.005994324351495056
0.0036763635559797776
0.009639707122147664
0.010105761637448285
0.01193763612504123
0.01320139544136887
0.013922101136099006
0.016709014256100094
0.004180484978161652
0.002760283148308015
0.005831212588930185
0.00552289692916755
0.007747675926802852
0.007124766285210218
0.005050075075219554
0.009941738544297857
0.009791626188857781
0.012156154210359846
0.009479005381878326
0.01517223817973453
0.014864145821182869
0.009008975900452632
0.01241362440964359
0.01516128035671106
0.015280268693309774
0.018183600997001982
0.01852838786080383
0.011198409483577962
0.00834647181917762
0.01437863225171089
0.01371595140989008
0.017938486662239676
0.01658448658431301
0.012832632481805287
0.004165273502811184
0.007826933256921015
0.012479466168510981
0.01101381027423616
0.014036674801219267
0.017658042033142037
0.013750151223082627
0.023385840280256073
0.020791023787901937
0.023458588625101837
0.0183487951830062
0.02910243478035563
0.025683642670169392
0.01605915434400411
0.026133244677421175
0.029685820196274165
0.03658088731783779
0.03273484956817535
0.0406405480958459
0.04409393400308398
0.035303225498365384
0.017963778131327934
0.02247847337777391
0.019486929086940004
0.02748907827142366
0.020651508970800952
0.05224784969772149
0.047028520739227295
0.04946719618613901
0.042083849858952554
0.05747615298039789
0.05143284790231431
0.037413836495603654
0.052948369013885
0.045725238920101205
0.04035333373915011
0.039089572619385005
0.041228016639058465
0.03531713426824572
0.03301848185926086
0.06078185154213118
0.05403666464874659
0.05472061952614883
0.04768821582002086
0.062348115880542114
0.05502298431578999
0.041736428263110734
0.028897790806325162
0.029932680834871814
0.025051768414961748
0.030616598777469584
0.02148039735470922
0.057741836016461656
0.0610655217757208
0.07056984325956128
0.06385514976695454
0.07762021320340212
0.08078368084092091
0.06613360717934631
0.09173001908600953
0.08339783160377495
0.08548555237050735
0.0754624525490388
0.09622590563876826
0.08706973355385186
0.06792378239350569
0.10045859793980501
0.10343131542534588
0.11591237781368244
0.10583945669684627
0.1264363682811379
0.12918755918857444
0.10770590873735221
0.06924857337991189
0.07837142921973853
0.07013088869803269
0.08817327904759045
0.0705935909796517
0.021996356524283476
0.026251606044846873
0.022222063817827903
0.03097223685145474
0.022180873779089984
0.03618113642761783
0.03102229257284919
0.0307905122432012
0.026260618098817023
0.03579344740846353
0.030303279501967546
0.02189837627854617
0.041901192431653175
0.04815529271353848
0.041745081401372494
0.05496632515749417
0.041292314561051646
0.021402062280939674
0.025277758193748293
0.020713138784782037
0.029588459927025926
0.019826900339322953
0.0046847010276749555
0.005234646130569381
0.009903682793725142
0.005815108811754092
0.015685436168779408
0.006426089070397535
0.012224572954197306
0.019257617108729225
0.017425750268793047
0.0211810366598357
0.026938667441932573
0.022054214120393257
0.007067586909909301
0.007739602316376859
0.014789603729124867
0.008442135346589472
0.023196009039783527
0.02903323697827418
0.03208581713811461
0.03664547364219471
0.03529098531453273
0.04491383210366853
0.009175185767724234
0.017598774952998074
0.02750061279446004
0.02530253377037539
0.02979023821611087
0.03817241315738128
0.03231140175810522
0.049637558627567566
0.04582201130726639
0.0527620398923825
0.04215908640808901
0.06414322769729114
0.059015414666102745
0.03864874086425814
0.05360555468563416
0.06191886016911988
0.07504011659841961
0.06948447549493639
0.08080623221039682
0.08902007120951791
0.07632529639521005
0.04433754863791398
0.05410127066928136
0.04940073849599125
0.06460503020081057
0.053861204439812765
0.009938754541443908
0.010732837644371586
0.020652083801957856
0.011557452294694444
0.03217144214575095
0.012412522098776455
0.02394947858619905
0.03720872378202547
0.034644093948151655
0.03986323640496031
0.051358155438485126
0.04452163901739273
0.013298423185869768
0.014213477052551531
0.027489704222743473
0.015193936688144588
0.042614510115837
0.057726696714152564
0.061998194839959116
0.07180656882280129
0.06643132860941103
0.08679881321603328
0.06351048396667927
0.06955377615335422
0.07388454104980413
0.07587178424470015
0.08500634591222142
0.0824642126359853
0.08792411267435274
0.10078630618375843
0.09272788474408403
0.1091755005909873
0.11447490932843998
0.09689841707365751
0.08933227930772923
0.09647097010615621
0.10318181697725555
0.10390090956626236
0.11792073470957257
0.10958530382228741
0.11910293137110115
0.12308245493731909
0.1290413890508011
0.13744597902715736
0.023466078357699628
0.01869170355487295
0.028665581946649355
0.02752490661149517
0.03435705304645016
0.03202627132006294
0.02610682310557087
0.0405700671569941
0.03960642316515141
0.04535945599702157
0.038419027106558035
0.0528818533735632
0.05163903717926012
0.03699305889094519
0.04731000448289269
0.054573546785501206
0.05386940762588244
0.062357178285955925
0.06099341481678653
0.04244815598164382
0.03526112325267665
0.05015654596639057
0.048414449085098246
0.0584680530792005
0.05491482616337662
0.046337731952526925
0.07065936537063974
0.0703507385066578
0.07896990214379809
0.06969080507858796
0.08882865619075311
0.08823752246980218
0.06870491423222669
0.09817664220960176
0.08727995662878196
0.08598193755478993
0.07702680473305962
0.09559337119423798
0.08437284012534109
0.0674217477574855
0.109713661036102
0.10880947365155026
0.1201618673511416
0.10752379421443853
0.13349178135440143
0.13224375670409658
0.10588326028177988
0.06586938729866285
0.0738659358595995
0.06406121440693625
0.08248054147584688
0.061972169611089443
0.07947993971675443
0.08881909720401784
0.08903001807379018
0.0986771363551723
0.09926685335890742
0.10905356532771737
0.10990533657384007
0.12188320472726778
0.11028412546162306
0.1340536800802159
0.1346229047874738
0.11021271930423096
0.11995062835725923
0.13135891433363311
0.132973321694071
0.14331761049663466
0.14683938013953113
0.12189320013912051
0.1347038847373489
0.13431935167993864
0.1481944560835683
0.1475659390410377
0.06960938607245618
0.05951977766735215
0.08031609722460825
0.07784927949021242
0.09173627693542902
0.08671509116343427
0.07499045011345642
0.10391789555901729
0.10165522765452875
0.11226371615100247
0.09910394724464514
0.1262337259853727
0.1235697526909856
0.09622821387352898
0.11687768346571335
0.13059930085068971
0.12858576173588665
0.14513457791286816
0.14108945371800025
0.10641771113873671
0.09293390348817665
0.12059986616228471
0.11728208676937318
0.1356622624534501
0.12893268021674475
0.11353613898768372
0.0004006912039669282
0.00020065583877433685
0.0003562761726481799
0.0011225309538314158
0.00035077724842051065
0.002234463751784081
0.0021236867884486827
0.0003369223490946293
0.0010148287351313327
0.002050598880256632
0.0021149194131215845
0.001973419195136844
0.0034543667899863528
0.003743618112401408
0.00032491876382644014
0.0003124962273518714
0.0009403898953685505
0.00030016954015849116
0.0018992270782231268
0.005633606465397469
0.005652057386977513
0.005394777284230611
0.007882116207253674
0.0052077534709402675
0.01046623422099031
0.010673597129988785
0.0002878207732826051
0.000867606168048096
0.0017496151438269958
0.0018243402142111421
0.0016748523432739255
0.002939546083649824
0.003196093481881257
0.004418265537009934
0.004615137967730776
0.006725508391463474
0.00481216922971856
0.008913440561581321
0.009292927028467873
0.005008524713912605
0.004221355791684318
0.006163753155621536
0.008153321235713877
0.008533304584290384
0.007773302022814989
0.010364127881244595
0.011353127727037168
0.00728891001841666
0.009675177584959217
0.010045663459991836
0.012343717121541621
0.01336311002159063
0.0002754771160030213
0.00026313227245647157
0.0007949094023087162
0.00025078770497047494
0.0016000983516841715
0.00023844307312874651
0.0007222173010810085
0.0014505867326516436
0.0015253423014407103
0.0013758310510834464
0.002426646445671468
0.0026830936563086954
0.00022609845630967797
0.00021375383596783902
0.0006495254526060137
0.00020140921643211295
0.0013010753960167373
0.004024454810219321
0.003827551770729478
0.0056020889436261285
0.0036306492158282282
0.007393291241306282
0.016549893041208324
0.017007507013045937
0.015886613152992952
0.020003705919711477
0.015271651813776727
0.02370166038354139
0.024470523552092362
0.014645339275612276
0.01843609662176711
0.021814164264301376
0.022734640499933158
0.020882755927994892
0.025382966763921988
0.02762086729574572
0.014021693244430363
0.01339742085036059
0.016896251605850093
0.012773295593751174
0.019953915250340227
0.03173843833517674
0.03287958856687917
0.030406641693875913
0.03603148541800832
0.029119615923789626
0.04047712031763745
0.04205159289620923
0.00018906459676249876
0.000576833618137865
0.0011515640777634635
0.0012263197356535511
0.0010768084150845438
0.0019137526077745682
0.002170199524443639
0.0028430385237457026
0.0030399412305226452
0.004478770802953683
0.0032368439068200996
0.005873241232246054
0.006253253663134686
0.003433746549980545
0.0026461359377536265
0.003917112055292818
0.0051132183320858945
0.005493229300772
0.004733206299526536
0.0064084962155798505
0.007397402151858204
0.005040429768016783
0.006633266156826993
0.007013278479722754
0.008386308321426492
0.009375215764998605
0.007780044139188496
0.008404218140865342
0.010743261357420545
0.009028374165827798
0.012519147908860499
0.01344851413992515
0.009652525239878518
0.01654286457752535
0.014377852988988358
0.015307179956540951
0.012281488362481224
0.018752488805857434
0.01623650685223127
0.010276677214541952
0.018753604918613033
0.020049200582702827
0.02399041071960789
0.021344762245904723
0.026666522848239275
0.028389380971152865
0.022640300878279715
0.010900830219193837
0.013819709896288175
0.011524983974423583
0.017165833696401504
0.012149135760250264
0.007155854217836809
0.009204968947064508
0.010660550200895798
0.011589777518002265
0.009731730704386071
0.012124338034490095
0.01433316908145689
0.013573381761919124
0.014867917788651219
0.017985357434438604
0.016162705059330013
0.019777846490957804
0.02149954428221887
0.01745803274238924
0.012276884926983932
0.014982001508765032
0.01632024415389322
0.018053275866000196
0.014575484648479818
0.017559453019260367
0.02151359408179435
0.020987257619244477
0.023221309467473784
0.024943732658064266
0.025433365566870987
0.029350347368808875
0.01535793861322993
0.018095169186438866
0.019024471460372158
0.020962099491530398
0.023171796044468028
0.02393584318456876
0.025231355581906416
0.02999665681453631
0.026527005711694647
0.03355786374661435
0.035280196111333276
0.02782207646051233
0.026993513496702655
0.03011221028760308
0.03183497645878017
0.03326900827848432
0.03718773770231357
0.03300122339279636
0.03700490100127969
0.03871951174438185
0.04110776204579274
0.045052454655739954
0.0001767199773688261
0.00016437535798457663
0.0005041417854216789
0.00015203073685905337
0.001002052735265351
0.0001396861120267455
0.00043144992857894657
0.0008525414931672563
0.00092729705197692
0.0007777862381077593
0.0014008597163987857
0.0016573056552366832
0.00012734149344836317
0.00011499691776987187
0.00035875828690887273
0.00010265237999751831
0.000703030695290016
0.002449233862866047
0.002252332110895313
0.003355454986575315
0.0020554274215088403
0.004353185190188329
9.030755856622387e-05
0.00028606569359055213
0.0005535084662358829
0.000628272074232956
0.000478757815511896
0.0008879675557801746
0.0011444057834482744
0.0012680713402850269
0.0014647426826025845
0.0022321934068085915
0.0016615965620964302
0.0028336897204018665
0.0032132661344407704
0.001858513211299634
0.001071444220909518
0.0016711506649729868
0.002071898835156641
0.0024539347153173328
0.0016843689833271266
0.002441894988420794
0.00344268637092431
0.002793773606355597
0.0035931305087755763
0.003973148263113797
0.004430864856038268
0.0054195440159618725
7.796179372242328e-05
6.561653011893519e-05
0.0002133692335617153
5.328148735915889e-05
0.0004040812580956223
4.0966358305607624e-05
0.00014080220184919498
0.0002545085166783636
0.00032949084294578386
0.00017765851832643768
0.00037170544360228875
0.000631898457741876
2.8592071383638265e-05
1.5803512119428696e-05
6.689576403393625e-05
0.0008736499942907892
0.0006721928020684083
0.0011021047469811042
0.006531731450924203
0.005907882333458805
0.007667208127101347
0.005284383410117553
0.008803254216095555
0.0046602894933729724
0.006129627121400723
0.006938765915202694
0.007873582724373773
0.005995059276427628
0.007682637239123331
0.00991504041741283
0.004032563871626788
0.0033975856957085514
0.004574341064002124
0.010973620014854898
0.009659970852738311
0.011949955193642352
0.04973460063067739
0.05180343066287227
0.04749014685522229
0.05450067243208978
0.04528692131826731
0.0593277843252797
0.06195199894769256
0.043074018870193465
0.04951948629375387
0.053782538748585657
0.056535449507641305
0.0510203156273594
0.0580531462321394
0.06419303777750945
0.040863370066139146
0.03865214410043073
0.04456182967011761
0.036441013728610486
0.04826025203745664
0.06907350473225296
0.07231420474534694
0.06567214933039592
0.0739462596696577
0.06230848520444376
0.07878853601157738
0.08270671861634843
0.034229988708773244
0.03960555403463327
0.042740311487019386
0.04549989711501361
0.03998150589510284
0.04582274092780394
0.05193605298980457
0.04882811328703118
0.05219801865053178
0.0591303655812111
0.0555669904350716
0.06260085218267825
0.06664208824515497
0.05893630161229858
0.045451874799065484
0.05172708380519542
0.054486833098084844
0.058551520231147014
0.05040650944639262
0.05708212238709029
0.06594820460090828
0.06652606603004861
0.0706837011856519
0.07471768731555514
0.07475848869551335
0.08357794499036716
0.03201947426679479
0.029809708307775948
0.034651460046797006
0.027599731585844892
0.03722212320170112
0.025385842551368325
0.029692907972965185
0.031681280274656706
0.03445767714431436
0.028890922527883445
0.033537575533051145
0.03970303761024571
0.023161757696437385
0.02092475360681024
0.02469427928098012
0.04206193139959874
0.038657130066896084
0.044272478159007894
0.08829231650247507
0.09294710831683206
0.08349241202182672
0.09290846421062277
0.07872445991041327
0.09739958538142102
0.10285650433999464
0.07393947251868321
0.08255050228277136
0.08620295074318932
0.0917947096749894
0.08058702074987378
0.08965937689842385
0.10173396587587723
0.06913915897789016
0.06432217754498001
0.07214969326894038
0.10587677926798558
0.11223169198549969
0.0993792937811201
0.10981770748346659
0.1207670691443056
0.045464000768240295
0.07574055433238783
0.05868192978267653
0.10602228440723102
0.07100390886017825
0.136305755091564
0.11734059644310785
0.1277849244370945
0.09939435794724163
0.15617554801182087
0.13736414331704466
0.08243015428301184
0.16658925279439635
0.19687251688523777
0.17599878413441217
0.22715568876360864
0.1845662309264035
0.09298692231997976
0.11954547995203527
0.10269666440605763
0.14610483421218368
0.11158246770695107
0.25743886167555957
0.23465675638000466
0.24134766675023206
0.21295694497256873
0.2697383878684907
0.24723419554534914
0.1922991287316015
0.2523433112653778
0.22578366861188526
0.20536292977228365
0.19922402905036268
0.21073893140853056
0.1859493329216439
0.17266440334960248
0.2789029549151212
0.25669692913693787
0.26031817044789074
0.23552854831091818
0.2851077939469086
0.2632298675055772
0.21537487191181243
0.15402902887210468
0.161159807044824
0.13637056926970897
0.16752000650748675
0.11966718497529959
0.2877220498984677
0.318005244178153
0.29331479371317537
0.3482884386734486
0.29812910781941143
0.3785716330974279
0.3519728290116835
0.354910548970787
0.326519827959862
0.38330126791917357
0.357104336900525
0.30216926576051817
0.40885482774727255
0.43913801770399874
0.4106308620417899
0.4694211936166793
0.41169197688899334
0.30546259957057975
0.33202224363070193
0.30803093624121647
0.3585818804937124
0.30989741323968606
0.12697370572560523
0.1500523792895081
0.13352491550756224
0.1731325270825611
0.1393437032853334
0.19621304343767865
0.17802025464990562
0.1822060782056818
0.16077398413798494
0.20363862133213717
0.18571288594050137
0.14445295735589314
0.2192936520159463
0.24237428397492225
0.22251815700868127
0.2654549193499116
0.22507127450098557
0.1488755659596806
0.16871848986641452
0.15263441739781863
0.18856356564985516
0.15575239993001594
0.4997043650658723
0.4692888645999413
0.4684734141626791
0.440082677152192
0.4968642756906334
0.4669745815038298
0.4120393792497768
0.46482077994204957
0.438260900218236
0.4106990094111972
0.411701151199618
0.40905616562390035
0.3842663288048728
0.38514150618815857
0.49138047252569256
0.4620333410095044
0.4586349088063547
0.4338459293922073
0.48342253416322706
0.4546478455175155
0.40679527403489846
0.35936492057820085
0.359476635594984
0.3346870215559595
0.35893989958236705
0.3110848547112929
0.45009587585530864
0.42701757720660205
0.40050883368544044
0.4039387322036453
0.396528866391631
0.37509872428497637
0.38085850467733395
0.35076435673973183
0.3536675524050594
0.3322350632274692
0.35601272983480836
0.30950261770254905
0.31080215098363106
0.3577776666459152
0.34732602832225556
0.3274828387495504
0.3052312777576007
0.30763825316022786
0.30230423389903005
0.2839867812633992
0.28779250666396966
0.33469685002577687
0.3115142882630534
0.31161617179500256
0.2893693269958689
0.2885355470135649
0.4731777357801814
0.44500509310002095
0.4394028145111312
0.41796165471890023
0.4608518357124808
0.4333120730269908
0.3920245383152299
0.4267442193397337
0.4068860862262321
0.38155098479132876
0.3870236129757597
0.3756202886201704
0.3572838793667652
0.3671708620204883
0.4465699834747044
0.41969966490139665
0.41218944636750265
0.3939279032207824
0.43045230296537806
0.40427786683885303
0.3692317985752729
0.34337774385644415
0.33894745507838386
0.3206223015293545
0.33406188233123835
0.29888165200122796
0.2670162070096398
0.2679366218257042
0.2465039485934527
0.268239078027244
0.22697588920913125
0.2679465182768799
0.24810065448092683
0.22893117446792538
0.22825488817099654
0.22902768018008685
0.21070777838447913
0.20840916626797046
0.2670818439306392
0.2656677274433902
0.24734774474045768
0.2637264573167257
0.22856733002715246
0.1907810033445716
0.19238808455991524
0.17406900052091495
0.19340770383096628
0.15825240079952613
0.5299875995389663
0.5602709924388688
0.527947082066697
0.5905544542064068
0.5252552368711406
0.6208374336257948
0.5866051981239997
0.582035498668075
0.5536458867854194
0.6104240562674098
0.5768418107219155
0.5219098837138972
0.6511191475299926
0.6813998657671797
0.6452599490677196
0.7116825085350508
0.6388138233972575
0.5179392357239977
0.5444967601819359
0.5133645153992191
0.5710548930872554
0.5082101713308357
0.7419719110742351
0.7039225411647753
0.6956118689911094
0.6672091405987377
0.7240138326492622
0.6867385803415027
0.6317797127542348
0.6773154897796936
0.6507616819994497
0.6160584801693705
0.6241891489228132
0.607394925161976
0.582606477491653
0.597618044192743
0.7038279425116462
0.6673449340846107
0.656854918183143
0.6321437043011869
0.6815990663266895
0.6459330593925988
0.5982012615814564
0.5646997027265291
0.5578024984242085
0.5330021651998043
0.550382692607248
0.5025024640660728
0.7722693062613256
0.8025640690095092
0.7626022726635693
0.8328315295370637
0.7523941075157529
0.8630474693251899
0.8211916834714355
0.8090356088406092
0.780731453465468
0.8373856835367878
0.7964249501465006
0.7416151662853276
0.8932251566505325
0.9234514341116814
0.8797309003679562
0.9539681422895342
0.8659589501241743
0.7303051027767589
0.7568221819950276
0.7185544574468283
0.7835495070058298
0.7065423331903868
0.49626809062780747
0.5193642541611989
0.48952826545333905
0.5424483318357568
0.4822924942903257
0.5654947390010048
0.5340012409296555
0.5250612457647661
0.50369787738281
0.5464426326031367
0.5157054196938354
0.47456175598623085
0.5885013322492748
0.6115335740291636
0.578377724573501
0.6347536332832664
0.568000251798867
0.46635162189153867
0.4861432095076247
0.457733127786117
0.5060990648128799
0.44886694549208284
0.16015730558228525
0.17700861158647752
0.16149000304500305
0.19386278010227215
0.162273399381494
0.21071774545525174
0.19377624455557585
0.1931709356452947
0.17772055010947
0.20862167980319773
0.19206939892468333
0.16253042220075897
0.22757289208727655
0.24442741598953166
0.22606677468679764
0.26128033518867
0.22407117464318643
0.16228395474487683
0.1763877184243387
0.16155666327315854
0.19049386220079834
0.16037088836953584
0.27813291097034853
0.25835319236793053
0.2549723179208261
0.239519608591925
0.27043771105804787
0.2511673426232631
0.22160927466723152
0.24696179359546241
0.23282771449567718
0.21539598971627233
0.21870747662634954
0.21170229146424757
0.19884937959120436
0.20459933014263068
0.2610842861147894
0.24236089434306307
0.23735598638349972
0.224552640854509
0.2501161007905861
0.23197046383831837
0.20763652850424105
0.18846703827044925
0.18601422774724574
0.17319021944498453
0.18316525439325643
0.15874912902195976
0.29499134261037685
0.3118621086258482
0.2906616768926764
0.32873744779661607
0.2859123976916892
0.3455884473579688
0.3229749409206089
0.3167755228411008
0.30136836379882975
0.33216428045510704
0.3101868238315738
0.28074579127857546
0.36239173141349945
0.3791869554717307
0.3551567104281027
0.3961207604336481
0.34767736702451746
0.27515790467827234
0.28920151169935004
0.26918553286340374
0.3033536104026635
0.2629663222843418
0.15671569946029856
0.16832161011068225
0.15429906834661117
0.17995098277963736
0.15153151015327382
0.19158955703928174
0.17638882886011237
0.17246736847110716
0.16201201845270063
0.1828496718791594
0.16817299557416676
0.14843937165939936
0.2031868262677875
0.21472591992950946
0.19835983629187415
0.2263323353980814
0.19326858680103876
0.14501937509241764
0.15430753734456346
0.1412319009747111
0.16359262839830802
0.13711708381844906
0.8946053550669477
0.8368690701618964
0.8517051295905784
0.7810109904971837
0.810289004522756
0.7271133077638016
0.7418467012949177
0.704055013555886
0.7562620573522314
0.6537419109358159
0.6675586732994766
0.7702192092581477
0.67518613667122
0.6252065249141424
0.6396071419022736
0.5771532561387817
0.6053295888576921
0.7314959436758253
0.6810387045872138
0.6940917770735686
0.6323462328577928
0.6579847158809677
0.5310180273503188
0.545018833995784
0.5141300703290644
0.5587981554994236
0.4713193225269328
0.4844140767699812
0.5722870127550356
0.4558600724434746
0.4972634889173434
0.5098450971534488
0.5404673698333982
0.48039796310719357
0.5221491142135215
0.5854880407555135
0.4162527489998329
0.42844224285123317
0.4021384003146851
0.4403993495813273
0.3656124903953807
0.37692548281895755
0.4521029217038524
0.5983922218007743
0.5656743661665643
0.6109742823129308
0.5341696345115543
0.6231516800994518
0.4868018412136866
0.444507748841612
0.4579910094526251
0.40413708646488167
0.4303674549550896
0.36568959713564697
0.3785287752602618
0.3540491240688025
0.39127710091557316
0.3186831277665474
0.3306190428064974
0.4038550892590764
0.329164744351524
0.29456234963667977
0.3066365467413002
0.26188248484624876
0.285178660260555
0.3784438370468216
0.3424358284434396
0.354107724711429
0.30822919940106147
0.3308246108707609
0.5895698136656123
0.5458842496738041
0.5572162106132863
0.5038551792664123
0.5260679746892799
0.463540992574299
0.47470810930870483
0.44670554546526414
0.4855854012371933
0.4094805713390938
0.41982460737084737
0.49610220545829326
0.4249371244695676
0.38802137176384877
0.3988776746737514
0.35278063884267497
0.3739016865716794
0.4672960011632347
0.429894582892776
0.43962645753199975
0.39404241708485493
0.413070667406609
0.2311252298964852
0.24231235920917532
0.22375412699055436
0.25353563154488445
0.19583420531979284
0.20612214115195407
0.2647086698281011
0.18940860934839177
0.2164130594718928
0.2266803745001778
0.2452180206278983
0.20907367329292773
0.23690198920920286
0.27582339540019507
0.1642047122520508
0.17358701359414708
0.1586353382796178
0.1829847580558221
0.1360254372782776
0.14453048544779423
0.19237482927606198
0.2868534373229036
0.2664696550399563
0.2977769765580588
0.24705477395401276
0.3085714306531126
0.13124961674503355
0.15306607264289157
0.16160929318610856
0.17656100242623096
0.1474968159977439
0.17013721660254916
0.2017343280516045
0.1786268716263114
0.19439488801526866
0.22026989598957736
0.21104028413911008
0.22940072278718532
0.24776287193692945
0.22858595045763658
0.16371334489770067
0.1870553727745608
0.19540017215558564
0.2119541179155255
0.1797159994136608
0.20363911487892017
0.23841051627623683
0.25711605971614104
0.26706344996537656
0.2873253421289208
0.27687450064669483
0.3192141306098495
0.11111163910789978
0.11876982961412622
0.10706822931467798
0.12647380559612525
0.08928004126024475
0.09612188746211825
0.13420068028406573
0.08590775060956929
0.10302477396402818
0.10996581785811327
0.12169798944513827
0.09898111914758367
0.11692211910789922
0.14192753846156025
0.07034618821371658
0.07640223706131588
0.06757955105200697
0.08253458217753651
0.054103326896151355
0.059404613809049406
0.08872034078113475
0.149631416088585
0.13635818716951592
0.15728936900159968
0.12387073294542959
0.16487871107029184
0.3296809660308135
0.30760357429964014
0.33994632916004414
0.2865255708247755
0.3499862708228817
0.26642406394084667
0.2959910449424794
0.305245595453215
0.32710853762787506
0.2843745506286439
0.3142707548891611
0.3597848252053144
0.24727616260321783
0.22905897706822043
0.2559723220853878
0.21174961943932782
0.2644725064675326
0.36933609878119245
0.34568277957029514
0.37862863344141306
0.3230595903011514
0.38760571997098064
0.20229060048974792
0.17537858482422156
0.18555649882146216
0.1503891760261137
0.1697758697675129
0.12732237506816624
0.13636901919729247
0.12324391919220495
0.14557910915433753
0.10277030104798451
0.11092175910182389
0.15485983398482367
0.10617818254115943
0.08695658997851094
0.09474990205939772
0.06965757807661441
0.08415825665893983
0.1408013626370998
0.11919855049299949
0.1275737571865227
0.09939627322909504
0.11515504396925494
0.054281148949186175
0.06069912337936334
0.05251886403989048
0.06740778401720088
0.03949142790176981
0.04501816105873918
0.07430789716448319
0.03819210818292974
0.050792570499911795
0.056787392304975266
0.06519331067275655
0.049068069339103806
0.06298077703369909
0.08139452969952496
0.027391072048225128
0.032012653057450935
0.02645454600390805
0.0368938105759251
0.017735507602098924
0.021480400154895708
0.04201143396554914
0.08864058065795916
0.07863274079019678
0.09602414871566697
0.06934959293373252
0.10352211273453191
0.040827420813958584
0.02929667231112775
0.03421646914246364
0.019688769704560644
0.028325262292061372
0.012000687573818548
0.015301935131755514
0.011570766012963129
0.01901957140516531
0.005962445582710153
0.008377522201858792
0.023050919332358283
0.006220416931511433
0.002315248194462976
0.003924501104848202
0.018385872518943053
0.011161260320338779
0.01428810347695448
0.09265211826153771
0.07587100746150846
0.08252211867399632
0.06076812509832553
0.07310905667945625
0.04734269297269002
0.052864684852952815
0.04561323535517338
0.05855452392813854
0.03427146749979407
0.038977662448264755
0.0643893211521828
0.03559138093254516
0.02549994848109735
0.029771266290517594
0.05633699443113968
0.04386696280550527
0.04891648040410361
0.3632086997921408
0.3316043793338089
0.33985668549869696
0.30144366672793965
0.31752674794862545
0.2727553887383819
0.28081215110584484
0.2611421944395039
0.288638633187249
0.23505578447480546
0.24241095968310591
0.2961959476086792
0.2455165621265466
0.21970693424076265
0.22748381098167963
0.19532520429303363
0.21035133825561536
0.27584133067853134
0.2495481966807173
0.2564399230980957
0.2245956262965638
0.23796872071233718
0.17237725138456567
0.179762848691194
0.1650396689050817
0.1870116236343885
0.14444183603505323
0.1511327625593339
0.1940962171507024
0.138019129288601
0.1577030733306341
0.16412620086815854
0.17869550093874084
0.1503652075020777
0.1703720290857518
0.2009890129355858
0.11964870577713718
0.12567533475467396
0.11407610434013102
0.13159705749427958
0.09779501233156065
0.10318844808899466
0.13738897611659462
0.20767339644985894
0.1916215018018646
0.21414987949069164
0.1764172024726191
0.220404671740981
0.150865410731114
0.13078869025255202
0.1376531736865959
0.1121460132725945
0.12521896258460308
0.09493662258803848
0.10116050466421977
0.09088865669583457
0.1073690233019422
0.07576625597758493
0.08129642673398044
0.11353927583605403
0.07915780924819257
0.06479745392355615
0.07025896309971522
0.10258867624134742
0.08682652970709709
0.09233363032265937
0.20372464182187922
0.18226056511672367
0.18790533385005337
0.16203773646400427
0.17292307489008235
0.14302043555103996
0.1484600339455022
0.13565940860456693
0.15369711469218397
0.11873155988389805
0.1236039733461415
0.1587531742178369
0.125172216947251
0.10849199992225708
0.1136823862346801
0.14536782949761862
0.12826786888834119
0.1327291430466513
