0.0
1.0
1.0
3.0
0.938476562500031
0.87890625000006
0.8212890625000725
0.7656250000000437
0.7119140625002177
0.6601562500004193
0.610351562500528
0.5625000000006195
0.5166015625007705
0.472656250000968
0.43066406250109857
0.39062500000118877
0.35253906250119577
0.3164062500012341
0.28222656250123457
0.25000000000133005
0.21972656250116906
0.19140625000101852
0.16503906250087833
0.14062500000074848
0.11816406250062905
0.09765625000052
0.07910156250042076
0.06250000000033251
0.04785156250025463
0.03515625000018712
0.02441406250013
0.015625000000083253
0.00878906250004678
0.003906250000020787
0.0009765625000051998
0.0009765624999962938
0.0039062499999838246
0.008789062499966662
0.0156249999999435
0.024414062499900628
0.03515624999984662
0.04785156249978126
0.062499999999704
0.07910156249961525
0.09765624999951501
0.11816406249940327
0.14062499999928
0.16503906249914527
0.19140624999899902
0.21972656249884123
0.249999999998672
0.28222656249867717
0.3164062499986928
0.35253906249871864
0.39062499999875505
0.4306640624988016
0.47265624999885875
0.5166015624989263
0.562499999999004
0.6103515624990922
0.6601562499991906
0.7119140624992997
0.7656249999994191
0.8212890624995487
0.8789062499996888
0.9384765624998391
1.032226562499937
1.0664062499998543
1.1025390624997888
1.1406249999997176
1.1806640624995826
1.2226562499994376
1.2666015624992812
1.312499999999112
1.3603515624989313
1.410156249998739
1.4619140624985354
1.5156249999983198
1.5712890624980933
1.628906249997855
1.6884765624976052
1.749999999997344
1.8134765624974323
1.8789062499975309
1.9462890624976394
2.015624999997759
2.086914062497889
2.1601562499980287
2.2353515624981792
2.31249999999834
2.3916015624985114
2.4726562499986926
2.5556640624988844
2.640624999999087
2.7275390624992997
2.8164062499995226
2.907226562499756
2.907226562500047
2.816406250000092
2.7275390625001124
2.640625000000069
2.555664062500347
2.4726562500006772
2.391601562500866
2.3125000000010325
2.2353515625013065
2.160156250001672
2.0869140625019353
2.0156250000021396
1.9462890625022027
1.878906250002331
1.8134765625023965
1.75000000000266
1.688476562502416
1.6289062500021825
1.5712890625019593
1.5156250000017466
1.461914062501544
1.410156250001352
1.3603515625011688
1.3125000000009974
1.2666015625008367
1.2226562500006861
1.180664062500546
1.1406250000004163
1.1025390625002962
1.0664062500001872
1.0322265625000884
0.7498651560010587
0.8128295480818895
0.18724289107244546
0.8128295480818858
1.687812459446962
0.20353304166443292
0.046737257194729376
0.4847831912050278
0.4379050674103637
0.8909545381114183
0.7659469614640739
0.4215369843579544
0.48478319120685387
0.8909545381114099
0.2035330416656
0.43790506741036395
0.7659469614640746
1.2347831474429625
1.703523818118752
1.1878967823991058
2.297211498927457
1.172145367582678
1.7035238181215808
1.234783147445122
1.1878967823991058
0.05119308832040324
0.011679110367597136
0.12150079222692887
0.10980446937054303
0.2230631745355244
0.19185553099672883
0.10526388568204606
0.3558756777059833
0.32853317557637796
0.45743944357680044
0.30900064479800804
0.6371267028696213
0.6097830356311158
0.2973438740505374
0.519938176965629
0.7152504312891494
0.6722829472583667
0.9417345122482297
0.8479857943502354
0.4262684212331801
0.29266822267831005
0.5902464610916025
0.5786286786339309
0.7854860127329772
0.7543496569137651
0.5738464935380052
0.7152504312900538
0.9417345122482231
0.5199381769673541
0.6722829472594434
0.3558756777083498
0.6371267028706595
0.8479857943502258
0.22306317453739788
0.3285331755778744
0.3090006447987158
0.45743944357767446
0.19185553099727337
0.2973438740505394
0.6097830356311162
0.12150079222781898
0.05119308832067948
0.10980446937095978
0.5902464610916034
0.7854860127329788
0.4262684212331831
0.5786286786339343
0.7543496569137687
1.090250423677606
1.2699381779112926
1.047282946942572
1.4808756050977059
1.0121266876811883
1.7230640637005976
1.453534172529523
1.4339910437623518
1.2074403041067163
1.6919085060595114
1.422385996802262
0.9847835266186635
1.996493375792365
2.3012676791279145
1.984869514948917
2.637062924137438
1.9807946577388975
0.9652413638143555
1.1763017030246443
0.9536538711012246
1.4182634965215262
0.9494563587565827
2.3012676791292974
1.996493375795148
1.9848695149505005
1.7230640637047157
1.691908506060972
1.4808756051013199
1.453534172532017
1.2074403041078403
1.433991043763641
1.0121266876821444
0.9847835266186643
1.4223859968022645
1.2699381779133088
1.090250423678428
1.0472829469434823
1.1763017030246479
0.9652413638143562
0.9536538711012283
0.013116756568055029
0.002964079600195752
0.030659723781794265
0.02781204303877003
0.056049105588111284
0.04833639912011846
0.026272769197080208
0.08925267884495192
0.08243665084810964
0.11466292500987224
0.07756879513307806
0.15958789606344342
0.15274756111467425
0.07471340141112678
0.1302682582089178
0.1790963846569789
0.16837568580778056
0.23573701005394887
0.21232223907028114
0.10694626338843045
0.07306840596074615
0.1479002089299714
0.14503619820117025
0.19669191020468046
0.18898389952585104
0.1433223325561505
0.30019013496076075
0.2855631781223694
0.3412284377959448
0.27286905267605677
0.41740031233691055
0.4027519407608635
0.2621270762533725
0.470134752584909
0.3900566173180038
0.3793147993748203
0.3177912510845827
0.4466976988724831
0.37052322863499587
0.25333726495479536
0.5580253701911693
0.5433769208472548
0.6224782437723471
0.5306816509183929
0.7220835017587466
0.7074350326795349
0.5199399171331689
0.24649615255590393
0.3021603169850072
0.24167014008870535
0.3636843802744545
0.2387898088447799
0.37245575996959956
0.4525338849353354
0.43400067767583783
0.5404245093182918
0.5013846864876548
0.6361276230245618
0.6136881640542198
0.6927906928784738
0.5931815486502592
0.800208431692058
0.7777475584158965
0.5746269278076912
0.7396430388150201
0.8509671843452538
0.8246212472498573
0.9700217003890089
0.9153685031629046
0.6537282633657813
0.7572397495779639
0.7386850623725233
0.8684936071186502
0.8294311069246689
0.294454222123712
0.2370249888444848
0.35887664803342345
0.3559773455134522
0.4310682962512439
0.42335932648126784
0.3541722967235642
0.5111461989712607
0.5043120001005116
0.5834152316523903
0.4995191678292978
0.675202206902995
0.668374190452508
0.49660026151465175
0.599041233051617
0.6947399053174715
0.6839979503585998
0.7981810608956431
0.7747440985926143
0.5757000203375441
0.49476206296181263
0.6635932102378688
0.6606556790574001
0.7591200691123563
0.751427807236881
0.658777982653199
0.8509671843455817
0.9700217003890026
0.7396430388157861
0.8246212472503418
0.6361276230258472
0.8002084316925336
0.9153685031628971
0.5404245093199609
0.6136881640555765
0.5931815486516858
0.6927906928794665
0.50138468648943
0.574626927809182
0.777747558416473
0.45253388493744867
0.37245575997199787
0.4340006776779312
0.3001901349633026
0.41740031233903885
0.7572397495785301
0.8684936071186407
0.6537282633668358
0.7386850623730774
0.5580253701926328
0.7220835017592955
0.8294311069246569
0.23573701005620684
0.28556317812449006
0.27286905267777206
0.3412284377978687
0.21232223907179165
0.262127076254703
0.40275194076252707
0.2533372649557625
0.3177912510856745
0.3793147993756114
0.39005661731922026
0.3705232286353808
0.4466976988729098
0.4701347525862515
0.19669191020552568
0.24649615255652862
0.24167014008900828
0.3021603169853506
0.18898389952611955
0.23878980884478546
0.3636843802744548
0.5433769208482138
0.530681650918861
0.6224782437728584
0.5199399171331692
0.7074350326795376
0.1790963846586474
0.13026825821008753
0.16837568580911771
0.08925267884571003
0.15958789606446894
0.05604910558855476
0.08243665084865162
0.07756879513342282
0.1146629250105161
0.04833639912024891
0.07471340141129676
0.15274756111542348
0.030659723781999486
0.013116756568117087
0.02781204303887038
0.1479002089304507
0.10694626338863239
0.1450361982014043
0.694739905317473
0.7981810608956466
0.5990412330516182
0.683997950358601
0.5111461989712618
0.6752022069029958
0.7747440985926155
0.43106829625124493
0.5043120001005126
0.49951916782930106
0.5834152316523913
0.4233593264812735
0.4966002615146571
0.6683741904525089
0.3588766480334263
0.2944542221237182
0.3559773455134583
0.6635932102378723
0.759120069112357
0.5757000203375495
0.6606556790574053
0.7514278072368861
1.0384691753419855
1.1146430560991978
1.0121214434326675
1.19862759049629
0.9877084344393687
1.2904245117133781
1.1761881648523578
1.1556815486565495
1.0677906944684277
1.2513846912970203
1.1371269325868583
0.9652475597206215
1.3900338873767244
1.497455759333782
1.3715006808579133
1.6126900546568872
1.3549002532588397
0.9447397493689669
1.0287282669197615
0.9261850640087714
1.120525341575902
0.9095834971437442
1.7357373651541663
1.5980634363741593
1.5853700234928951
1.4662286035993315
1.7123173149940398
1.574622806250408
1.3402520278710115
1.5658276525549848
1.4427876557311208
1.3168118973186758
1.3275575784401337
1.3080140617743345
1.1966954980910978
1.220134779646736
1.696731996826192
1.5590341958968685
1.554217445049312
1.4271952874921596
1.6888961793238422
1.5512033295081342
1.3012152066908609
1.1058769093209806
1.093182350721598
0.9974782151675041
1.0824384025420395
0.8949350062180454
1.8665971106370984
2.00526220501103
1.8558701313507524
2.151746834869388
1.8470794261153773
2.3060900363343606
2.1449781067051767
2.140139392168807
1.989704457486555
2.2982655184106657
2.1371337231282834
1.8402887508352297
2.4682324984512523
2.6380824114570744
2.465255606196307
2.815762894221594
2.4642081435477774
1.8354591967858487
1.981861485851029
1.832448939607517
2.1360736865455587
1.8313742985676082
0.8822401557719042
0.9740403596225415
0.8714976503223237
1.0736392698220163
0.8626993306759256
1.1810938977498036
1.0668313349002405
1.0620485377162905
0.9584274287564063
1.1732863092609045
1.0590355892798478
0.8558789591320021
1.2964141156549833
1.4193705612948548
1.2933981120659652
1.5501089448081768
1.2922757758260768
0.8511121014942136
0.9506464940508599
0.8481193829860936
1.057871944819071
0.8469042338578548
2.638082411457572
2.468232498452447
2.4652556061970308
2.306090036336408
2.298265518411363
2.151746834872131
2.144978106707302
1.989704457488747
2.140139392170298
1.8470794261181869
1.840288750837476
2.137133723129113
2.005262205014624
1.8665971106413488
1.8558701313542496
1.7357373651588934
1.7123173149975242
1.9818614858518289
1.8354591967873692
1.8324489396082866
1.696731996828348
1.6888961793245842
1.6126900546613205
1.5980634363780224
1.4662286036023962
1.5853700234961692
1.3549002532616963
1.3402520278733383
1.574622806253067
1.220134779648389
1.3275575784419114
1.316811897319882
1.4427876557330224
1.1966954980916698
1.308014061774947
1.5658276525570116
1.1205253415774288
1.1058769093220224
0.9974782151679948
1.0931823507221292
0.9095834971441903
0.8949350062180481
1.0824384025420404
1.559034195898243
1.427195287492815
1.5542174450500101
1.3012152066908618
1.5512033295081369
1.4974557593373001
1.3900338873794134
1.3715006808606853
1.2904245117153272
1.2513846912991065
1.1986275904976136
1.1761881648537353
1.0677906944692928
1.155681548657983
0.9877084344397483
0.9652475597210322
1.1371269325883504
1.1146430560999554
1.0384691753423063
1.0121214434330383
1.0287282669206919
0.944739749369388
0.9261850640092006
1.4193705612948584
1.2964141156549864
1.2933981120659688
1.1810938977498044
1.1732863092609085
1.0736392698220167
1.0668313349002418
0.958427428756407
1.0620485377162945
0.8626993306759265
0.855878959132003
1.059035589279852
0.9740403596225431
0.8822401557719057
0.8714976503223251
0.9506464940508643
0.8511121014942173
0.8481193829860985
0.00348686373927603
0.0008064809869345261
0.0078982316303405
0.00721936788640225
0.014233678156164074
0.01235590960713975
0.00658609871804695
0.02252897323101786
0.020906493373781043
0.028989397810595174
0.019740269390547682
0.0402001103409354
0.038524344305520375
0.018943031840338242
0.03278215915097284
0.04498944188897083
0.0423765654954546
0.059149728213672315
0.05337955418223454
0.02699180406443317
0.018241716032166032
0.03734307106423812
0.03650481098487575
0.049520894245494676
0.04748267332777403
0.03577147718971781
0.07526301893904103
0.07167450790588929
0.08560782875030712
0.06851717400098034
0.10465095536278182
0.10099261860856601
0.06583430613985841
0.11783900766929051
0.09781774725609738
0.09513232806546887
0.07975108373324388
0.11197860731726803
0.09295408898362958
0.06364859070832374
0.13981231284832193
0.1361493946698092
0.15592435922975967
0.1329728047243542
0.18082809645732612
0.17716405393994583
0.13029003482344043
0.0619811821398263
0.07590567217474783
0.06079303117229136
0.09129446970409533
0.059925551006342344
0.0933294145312653
0.1133489421299993
0.10878389727972923
0.13532159865184878
0.1256470005356346
0.15924738039187775
0.15370575801906344
0.1734985241859821
0.14859618483265585
0.2003539959650787
0.1947428584879191
0.14396168594039543
0.18512628673440057
0.212958317948313
0.20644013512927772
0.24274347417725534
0.22916259116854334
0.16373809204653345
0.18961690538844356
0.18497860704836816
0.21744890397065758
0.20768378882231703
0.07383348773509235
0.059169674944894224
0.09009775646676557
0.08920649330128155
0.1081476117987344
0.10604456545511276
0.08843320542847924
0.12811986558107658
0.12646512696063836
0.14624704468471855
0.12525904560559398
0.16914544459583264
0.16749339531947768
0.12434769694940367
0.15006661140285993
0.1739872543171726
0.17130831017619924
0.1998685307504414
0.1940150986376547
0.14411587837149992
0.12356030021183864
0.16627779614955956
0.1653490994969466
0.19020420877972138
0.18804734999571515
0.16454988858442576
0.27448175542627806
0.2669870099733781
0.2926391535228391
0.25992430995256754
0.32730712221716296
0.3197428653563148
0.253336615133304
0.3483082870838814
0.31266375608055264
0.30607218476316483
0.27897234836686413
0.33463668937860586
0.2999687124680406
0.24723406196234793
0.38590594306343007
0.3783378128233916
0.40983200762943056
0.3712577882971956
0.45035935105325764
0.4427910051923225
0.3646659956775445
0.24161905645897935
0.26725388277583934
0.23649225198778984
0.2943535176744113
0.2318537633295949
0.4772148354848368
0.4357109268852357
0.4291191161637511
0.3961601352475132
0.46354293915289047
0.42301560714308106
0.3585624744362127
0.41740051846671433
0.3844414930386436
0.34782060480535193
0.35294731812278946
0.34318183540235525
0.31315259397613004
0.32291799351789796
0.45182439217838016
0.4122738321426003
0.40763475337880606
0.37467588872011315
0.4420584279007208
0.403481738452217
0.33902953303896777
0.28922674110047897
0.2845881663658853
0.2574885552637938
0.28043655750214297
0.22770276151530933
0.5206718703493833
0.5131035119063388
0.5504570103980608
0.5060234256567326
0.5968438013430348
0.5892754401727126
0.4994316111694438
0.629558339952712
0.5821953472544781
0.5756035363930705
0.536785107108189
0.6158864382123033
0.5695001054885254
0.49332813329159764
0.6788760288857143
0.6713076637664321
0.7145151341199021
0.6642275646654253
0.7667841856078708
0.759215814565988
0.657635767115275
0.4877131191170361
0.5250666722600459
0.48258640314615264
0.5638851590972933
0.477946919000799
0.22403781678607226
0.24967193165436743
0.22086154118007517
0.27677089133081245
0.21818694484307635
0.30533470908405014
0.27359574519600904
0.27092569528686966
0.24382381926119734
0.2994925492641515
0.2687746231041921
0.21603043712986636
0.33536339585359154
0.3668569603903772
0.33218986383812094
0.39981541003088383
0.3295243603519876
0.2143795136203067
0.24001933654707502
0.21315455708763337
0.26712370222903437
0.2122106198082021
0.3081731616786484
0.34381769292980674
0.3353463849684394
0.3814153491781693
0.36392821597206376
0.42096613043470577
0.41151825998011105
0.44302977844513736
0.40250243474366937
0.48551024740834337
0.47599286540304064
0.39396161521010586
0.4624700366565132
0.5059270680270302
0.4955026351242563
0.5513372237624159
0.5299438402477552
0.42545672420565783
0.4669606306998054
0.45841593741205056
0.5104176610243718
0.4928398185799273
0.5987005072168019
0.5872995127615732
0.6246703901121733
0.5763305628726245
0.6749634292913029
0.6634929232645179
0.565836618442104
0.7037767915729304
0.6525075634295561
0.6420097449968749
0.603191085620816
0.6822927001642478
0.6320000332831082
0.5558278212608936
0.7570007310102711
0.7455263469796528
0.7887338750638447
0.7345400724941735
0.8449091670201585
0.8334345724381911
0.7240420386036526
0.546306565491127
0.583660118245416
0.5372734162865087
0.6224785616152761
0.5287285072134162
0.6480169039988966
0.6992864760849056
0.6869089362709457
0.7525089551384155
0.7272092222271227
0.8076855133282563
0.7943317188667187
0.8375565629893656
0.7814097276222238
0.8956856123971495
0.8822615566277074
0.7689626609363713
0.8648109713117074
0.923909570097909
0.9095836535548923
0.9848775317980188
0.9556464278739019
0.8121710842605728
0.8693229359441903
0.8568719910535296
0.928307890114138
0.9029174062890049
0.5660820091164285
0.6134453614490276
0.6049004406315963
0.6627614658164951
0.6451833422248582
0.7140322760828766
0.7045107923518341
0.7477182653397725
0.6954775894091891
0.801940434118378
0.7924189497666227
0.6869326683955979
0.767249514394605
0.8224482463191702
0.8119501996261901
0.8794799354328562
0.8579955600164253
0.730140141600877
0.783385746978619
0.7748408264484328
0.8384643098118065
0.82088618723523
0.23783889933824787
0.21140127582396845
0.2658896879530428
0.2649321795439097
0.29569263327828443
0.2934904519637094
0.26411398425375776
0.32737788435518556
0.32572615036069386
0.3572242722068535
0.32448343473290536
0.3918401615707856
0.390187016264011
0.3235137087273147
0.3610211101624414
0.3966438604343401
0.3939827830136676
0.4342387487608204
0.42840936348527325
0.35500194247160605
0.32268767016382294
0.3889359717830623
0.38795514656991603
0.4246143967129706
0.4223733139924319
0.38712207776926433
0.4737932276085563
0.47012698671876807
0.5074801011637768
0.46695768697710516
0.5499640954784655
0.546298202868027
0.4643008454348644
0.5865808322925818
0.5431313378530978
0.5404785046502851
0.5016571925077504
0.5807643091638124
0.5383417395723356
0.4621614320492138
0.6319952506848123
0.6283299431802645
0.6715372447024249
0.625165638985963
0.7199023504200917
0.7162380125533183
0.6225165789375817
0.4605064336910031
0.49786311480573203
0.45924742904281
0.5366845597566103
0.45825644190103726
0.5153002021608922
0.5587583479955698
0.5541183878557205
0.6041681168209463
0.5944010169084104
0.651532395446216
0.6459174983849629
0.6891250236939592
0.6407905250455783
0.7394406396076801
0.7338257538389088
0.6361500435028653
0.7008432453254505
0.7521357127452661
0.7455439430184017
0.8052611749011331
0.7915892805671499
0.6793572071156866
0.728698526059018
0.7240574790401257
0.779871239356456
0.7701028330311392
0.49560451232762176
0.457417021510264
0.5354179540329975
0.534417572469982
0.5769703202815886
0.5746953897622868
0.5335725562504343
0.6203819808546764
0.6187223495044993
0.6619325293666978
0.6174484385315634
0.7082977592307877
0.7066340651244742
0.6164390733118233
0.6657268607549132
0.7130765914539561
0.7104311621839656
0.7622816537022669
0.7564766528361428
0.6596422082372742
0.6155922195701375
0.7053493556703625
0.7043466013608848
0.7526967848491661
0.7502731070315889
0.7034881067637004
0.9239095700980988
0.9848775317980123
0.8648109713120555
0.9095836535550617
0.8076855133287368
0.8956856123973169
0.9556464278738968
0.7525089551391113
0.7943317188672735
0.7814097276228544
0.8375565629897721
0.7272092222279587
0.7689626609370759
0.8822615566279592
0.6992864760859099
0.6480169040001535
0.6869089362719838
0.5987005072182567
0.6749634292924047
0.8693229359444397
0.9283078901141302
0.8121710842610533
0.8568719910537772
0.7570007310109685
0.8449091670204034
0.9029174062889977
0.551337223764057
0.5872995127630609
0.5763305628741431
0.6246703901134937
0.5299438402494518
0.5658366184436547
0.6634929232656599
0.555827821262475
0.6031910856222069
0.6420097449980947
0.652507563430736
0.6320000332843652
0.6822927001652819
0.7037767915738795
0.510417661026124
0.546306565492739
0.5372734162881487
0.5836601182468749
0.4928398185817261
0.5287285072150822
0.6224785616165709
0.7455263469803965
0.7345400724949647
0.7887338750643718
0.724042038604489
0.8334345724384893
0.5059270680289278
0.462470036658624
0.49550263512616066
0.42096613043698694
0.4855102474102718
0.3814153491805864
0.41151825998238045
0.4025024347459238
0.44302977844724223
0.3639282159744439
0.39396161521234574
0.4759928654049641
0.34381769293228237
0.3081731616811894
0.33534638497091873
0.27448175542888453
0.3273071222196251
0.466960630701748
0.4254567242077665
0.4584159374140123
0.3859059430656854
0.45035935105524205
0.8224482463194658
0.8794799354328466
0.7672495143951764
0.8119501996264833
0.7140322760837055
0.8019404341186686
0.8579955600164157
0.6627614658175613
0.7045107923526548
0.6954775894100009
0.7477182653403331
0.6451833422259015
0.6869326683964012
0.7924189497669103
0.6134453614503079
0.5660820091179024
0.6049004406328629
0.5206718703510358
0.5968438013442935
0.7833857469789025
0.8384643098117961
0.7301401416014257
0.7748408264487137
0.6788760288865152
0.7667841856081543
0.8208861872352173
0.24274347417971293
0.26698700997577873
0.2599243099547639
0.29263915352516934
0.2291625911706064
0.25333661513530004
0.31974286535855956
0.24723406196414918
0.2789723483687794
0.3060721847649842
0.3126637560825827
0.2999687124696536
0.33463668938031255
0.34830828708602546
0.21744890397234695
0.24161905646059126
0.2364922519892168
0.26725388277735906
0.20768378882365285
0.2318537633308429
0.2943535176758246
0.37833781282541923
0.37125778829899625
0.40983200763132477
0.3646659956791244
0.44279100519406933
0.22770276151638333
0.2574885552649401
0.28458816636691486
0.28922674110169777
0.2804365575029881
0.31315259397702744
0.32291799351918926
0.3431818354031048
0.3478206048063013
0.3844414930396447
0.3529473181239434
0.4174005184675468
0.4230156071441341
0.3585624744375767
0.33902953303952266
0.37467588872069946
0.40763475337921184
0.41227383214321656
0.40348173845241786
0.4420584279009324
0.45182439217902737
0.39616013524895044
0.4291191161650304
0.4357109268867463
0.463542939153996
0.4772148354864202
0.19986853075144495
0.22403781678697765
0.22086154118081708
0.24967193165516077
0.19401509863834682
0.21818694484366002
0.2767708913314786
0.21603043713029757
0.24382381926165878
0.27092569528719257
0.2735957451965014
0.26877462310435296
0.2994925492643218
0.30533470908457366
0.190204208780125
0.2143795136205909
0.2131545570877783
0.2400193365472273
0.18804734999585365
0.21221061980820793
0.2671237022290379
0.3353633958539556
0.3321898638383012
0.3668569603905677
0.3295243603519885
0.39981541003088394
0.5131035119077438
0.506023425657891
0.5504570103992714
0.49943161117035995
0.5892754401737132
0.493328133292276
0.536785107108899
0.5756035363935599
0.5821953472552206
0.5695001054887683
0.6158864382125571
0.6295583399534859
0.4877131191174834
0.4825864031463747
0.5250666722602784
0.47794691900079933
0.5638851590972938
0.6713076637669646
0.664227564665691
0.7145151341201781
0.6576357671152766
0.7592158145659913
0.21295831795044937
0.18512628673624232
0.20644013513122736
0.15924738039344605
0.2003539959668469
0.13532159865316568
0.15370575802047154
0.14859618483390874
0.1734985241874823
0.12564700053666167
0.1439616859414976
0.1947428584895111
0.1133489421310866
0.09332941453214433
0.10878389728068194
0.07526301893973425
0.10465095536360552
0.18961690538986462
0.16373809204771184
0.18497860704962255
0.1398123128492792
0.18082809645841963
0.05914972821420625
0.07167450790647963
0.06851717400147261
0.08560782875095467
0.05337955418259227
0.06583430614025734
0.10099261860927161
0.0636485907086338
0.07975108373368492
0.0951323280659529
0.0978177472566899
0.09295408898400984
0.11197860731779588
0.117839007670055
0.049520894245694294
0.06198118214005255
0.060793031172441156
0.07590567217500147
0.04748267332784045
0.059925551006420746
0.09129446970437718
0.1361493946706333
0.1329728047250502
0.15592435923064457
0.1302900348240129
0.1771640539408913
0.044989441889362033
0.032782159151243814
0.042376565495767876
0.02252897323119004
0.040200110341174974
0.014233678156262315
0.020906493373904253
0.019740269390628173
0.028989397810744902
0.012355909607170912
0.01894303184038139
0.03852434430569794
0.007898231630390894
0.003486863739294004
0.007219367886426671
0.03734307106435361
0.026991804064484128
0.03650481098493459
0.17398725431796763
0.15006661140347144
0.17130831017684878
0.12811986558152444
0.1691454445963423
0.10814761179903984
0.12646512696096804
0.12525904560581186
0.1462470446850721
0.10604456545521565
0.12434769694951461
0.16749339531985402
0.0900977564669515
0.07383348773517892
0.08920649330137631
0.16627779614980873
0.1441158783716192
0.16534909949707294
0.7521357127452697
0.8052611749011378
0.7008432453254527
0.7455439430184039
0.6515323954462173
0.7394406396076816
0.7915892805671523
0.6041681168209473
0.645917498384964
0.6407905250455793
0.6891250236939603
0.5944010169084115
0.6361500435028664
0.7338257538389099
0.5587583479955707
0.5153002021608932
0.5541183878557218
0.47379322760855724
0.5499640954784664
0.7286985260590192
0.7798712393564571
0.6793572071156877
0.7240574790401266
0.631995250684813
0.7199023504200923
0.7701028330311404
0.4342387487608212
0.4701269867187689
0.46695768697710627
0.5074801011637777
0.4284093634852749
0.4643008454348661
0.5462982028680279
0.462161432049217
0.5016571925077522
0.5404785046502869
0.5431313378530986
0.5383417395723391
0.5807643091638142
0.5865808322925825
0.4246143967129755
0.4605064336910081
0.45924742904281557
0.497863114805737
0.4223733139924358
0.45825644190104087
0.5366845597566152
0.6283299431802654
0.6251656389859639
0.6715372447024257
0.6225165789375833
0.716238012553319
0.39664386043434097
0.36102111016244287
0.39398278301366924
0.3273778843551882
0.3918401615707886
0.29569263327828876
0.3257261503606985
0.32448343473291147
0.35722427220685826
0.29349045196371415
0.3235137087273192
0.39018701626401586
0.265889687953049
0.23783889933825342
0.2649321795439149
0.38893597178306816
0.35500194247161043
0.38795514656992014
0.713076591453957
0.7622816537022676
0.6657268607549149
0.7104311621839673
0.6203819808546798
0.7082977592307913
0.7564766528361448
0.5769703202815937
0.6187223495045044
0.6174484385315686
0.6619325293667027
0.5746953897622906
0.6164390733118268
0.7066340651244793
0.5354179540330029
0.49560451232762526
0.5344175724699858
0.7053493556703676
0.7526967848491712
0.6596422082372773
0.7043466013608879
0.750273107031592
1.0177744745458348
1.0524961040869774
1.003300084950073
1.0891279950790502
0.9894064483177141
1.1277027796580286
1.0755803354319329
1.0626684319525825
1.0250671843565224
1.102219977772961
1.0502105889577718
0.9759747614761974
1.1682294930459154
1.2107096606596266
1.1556587709093815
1.2551432001284937
1.1437240567925975
0.9630362558430985
0.9996716405822409
0.9505848747314326
1.0382492474373453
0.9386220557953557
1.3015299329183123
1.2435495015259783
1.2325912987535892
1.187181132283925
1.279954581028106
1.2220866123813021
1.1322428049730155
1.2120784138221445
1.165691684765344
1.1107596295971849
1.1212580487988237
1.1007499511748704
1.0572927334918027
1.078777393071745
1.2604182632582073
1.202556561979569
1.1935234481966268
1.1461601538014206
1.2428398441947328
1.1849784968132004
1.0912284477770147
1.0267742810278007
1.0157880374239765
0.9762339063324625
1.0052899694241693
0.9271474392561477
1.3498697894500973
1.4001627618678247
1.3392526367534177
1.4524088580905703
1.3292709886011145
1.5066080803582156
1.4427682655023513
1.4337631765221164
1.3805405236912416
1.4889389265518034
1.425211591937861
1.3197428695305184
1.5627604139474403
1.620865836767691
1.5540963492743542
1.6809243791133657
1.5460677839619317
1.3107112330860131
1.3629573052700126
1.3021659247939485
1.4171564753616566
1.2941093325360744
0.9161611138145944
0.954749516264892
0.9056630657838566
0.9952802081579399
0.8956533001434015
1.0377614685469299
0.9857587233396868
0.9767255227437073
0.9352182654943336
1.0201833447552517
0.9681806019070069
0.886131815711713
1.0821952522741083
1.128582009968428
1.0736503264337256
1.1769218297226254
1.0655936645140507
0.877098613588847
0.9176401442662987
0.8685536941919751
0.9601239500079346
0.8604970513505348
1.7429361992387107
1.673237001399968
1.666185357760327
1.6051498642106292
1.7291742001955492
1.6595874334649618
1.5384928218523144
1.6534855973438451
1.591473712496692
1.5248228934230414
1.53141456522631
1.5187197370584848
1.459637371435527
1.4733088303782034
1.7174487361011617
1.6478685157663824
1.6427376857326765
1.5797535867861545
1.7076739227808662
1.6380940048096553
1.513103381344132
1.4095877489805475
1.4025079460295258
1.347331971545168
1.3959165823203867
1.2865409326931938
1.6339432970232213
1.5699790003664258
1.5033288798489681
1.5079728077154826
1.4991768993895973
1.4381436521480584
1.4479180305472439
1.3744233163141248
1.3790673542357026
1.3219417963968323
1.3841975005213465
1.261150914245035
1.2667665257118905
1.3898134633835302
1.3702700948059165
1.3121678726679682
1.2513773197723532
1.2560212805367206
1.2472229544422877
1.1920516545113546
1.2018248523818769
1.3336606605503252
1.272869575708202
1.2794609829032133
1.2135433360927816
1.227214765296743
1.699875307213953
1.630294049350062
1.6271507308511035
1.5621776069763231
1.69408437134713
1.6245044056732003
1.495525983134107
1.622330522407081
1.5563891879326768
1.4897387013385837
1.4923823842327004
1.4875692713161368
1.424552926309006
1.4303391846300624
1.6901797978116804
1.6206026284586432
1.6193172562078457
1.5524905200771446
1.6880903226821746
1.6185080812606039
1.485843495467475
1.3666172197489543
1.3634728975392971
1.304360099370692
1.3608318396886747
1.2435678373886838
1.169353436166532
1.1622734243504587
1.1129569463646383
1.1556819397136802
1.0580252680924427
1.1495789139497494
1.0992853820523778
1.0443536383200813
1.0509452092838059
1.038250590601177
0.990886600493569
1.004558292513419
1.1439636080134536
1.1388345427712339
1.087567174498819
1.1341908707083466
1.0326355263434444
0.9525555578714753
0.9454754655601992
0.9020151097463003
0.9388838079374822
0.8529286702073939
1.80690149917747
1.8728201050950153
1.8001910239400505
1.9406909654270752
1.7941155735069791
2.010512472148955
1.9349542497594516
1.9298510618245182
1.8610080228959502
2.0006476628700662
1.9252016399565948
1.7884918537591696
2.0822843832542084
2.1560104078153404
2.077524154902546
2.2316983629394143
2.073404786768551
1.783362261388078
1.851228654798473
1.7787186186418178
1.9210549318706558
1.774569240810537
2.3093552612561137
2.2279361509796693
2.224819342633318
2.1481291084554766
2.3034619636393274
2.222156758031724
2.0697524575263024
2.2199720994901355
2.1423248426423247
2.063955781060425
2.0666098575625
2.061772055875742
1.9870519854376416
1.9928487141919438
2.2995376760758544
2.2182401876127074
2.2169672288133175
2.138408133865635
2.297479289158274
2.216178962949359
2.060040927949649
1.9174078604559597
1.9142642774140817
1.8434322655098403
1.9116128841178814
1.7709213696293573
2.388979236493503
2.470555391970616
2.38619504903629
2.554062125332466
2.3840370026458566
2.639486091134427
2.5521920916899568
2.5509561970152688
2.4665324303000626
2.6373341076073906
2.5501675026762296
2.3822980000098695
2.7268352221967476
2.816134611653614
2.7259292250508986
2.907399861598674
2.7256925745800604
2.381029202916228
2.464474559053019
2.3802442806946074
2.5499038595546444
2.3799774950278207
1.7677780034494757
1.837638602023127
1.765129098805172
1.909431905343626
1.7629513975108289
1.983138717647675
1.907701482184947
1.906422745984985
1.833729241566727
1.9810667027873285
1.9056254802782528
1.761222008058362
2.0587651504699798
2.1363434417291964
2.057972687466134
2.215910240328096
2.057701830601143
1.759940079343938
1.8316490141619393
1.7591372974896506
1.9053521528858661
1.7588610749743139
0.8458485594228308
0.8883433070451203
0.8392568202523958
0.9327806992704494
0.8331536181202106
0.9791685557401657
0.9271658032168674
0.9220378790942633
0.8766253167188882
0.9693975024380272
0.9173953697564649
0.8275388192497813
1.0275070460306956
1.0777949552376578
1.0228638727767478
1.1300355536130087
1.0187079098716396
0.8224114014889021
0.866855510246195
0.8177696533781986
0.9132391611547861
0.8136135863127972
1.1842404512928175
1.12637796217665
1.1232302730923562
1.0699803920252333
1.1784564056275308
1.1205937322686512
1.0150477491329082
1.1184427379475954
1.0641955291434044
1.0092616954085702
1.0118970764220552
1.0071189991042542
0.9557920323432723
0.9615799636398924
1.1745857159546849
1.1167299444809342
1.1154282822941037
1.0603396022668368
1.172443885863272
1.114578934005913
1.0054148073362625
0.9095766142097446
0.9064220036212068
0.8590357772751913
0.9037859827424948
0.8099491749101502
1.2404222083308278
1.2985754139504317
1.23778361603317
1.3586676148334424
1.2356254852084554
1.4206615807478782
1.356944806127663
1.3556517787394275
1.2946932070677106
1.4185496556147537
1.3548262380523362
1.2339068261154686
1.4845544221848355
1.5503905637209305
1.4837377592989862
1.6182284260110822
1.4834539814753651
1.232609605244428
1.292567488565202
1.2317733831355073
1.3545374448537366
1.23147843469651
0.8067901139750242
0.8532415157583363
0.8041502897916372
0.9016524123618406
0.8020235489415783
0.9519556712631333
0.8999620437624608
0.8986502359386619
0.8494322124749012
0.949768719440429
0.8977559886064195
0.8003571204687998
1.004108301114821
1.0581783969542895
1.0032419551014025
1.1142765348677304
1.002931734982146
0.7990516565291346
0.8471951737698754
0.7980592693049434
0.8974469018567608
0.7978084967560877
2.816134611653897
2.7268352221972796
2.725929225051148
2.6394860911351703
2.6373341076076358
2.5540621253335605
2.552192091690811
2.4665324303010254
2.5509561970158816
2.384037002647148
2.3822980000109335
2.5501675026765973
2.47055539197221
2.3889792364955214
2.386195049037923
2.309355261258485
2.303461963641045
2.4644745590533805
2.381029202916938
2.3802442806949626
2.2995376760768993
2.297479289158622
2.2316983629421316
2.227936150982077
2.1481291084579124
2.224819342635404
2.073404786771314
2.0697524575287667
2.222156758033489
1.9928487141944322
2.0666098575646585
2.063955781062277
2.1423248426441335
1.9870519854395305
2.0617720558772796
2.219972099491574
1.9210549318734547
1.9174078604584714
1.8434322655123718
1.9142642774163008
1.7745692408133582
1.7709213696319042
1.911612884119807
2.218240187613812
2.1384081338667986
2.2169672288140845
2.060040927950866
2.216178962949781
2.156010407818537
2.0822843832578304
2.077524154905726
2.0105124721529464
2.0006476628732583
1.940690965431394
1.9349542497633871
1.8610080228998263
1.9298510618280653
1.7941155735111627
1.7884918537629884
1.9252016399597478
1.872820105099544
1.8069014991822347
1.80019102394455
1.7429361992437342
1.7291742001999753
1.8512286548016288
1.7833622613915692
1.7787186186449762
1.7174487361049657
1.7076739227840236
2.136343441729611
2.058765150470795
2.057972687466542
1.9831387176488682
1.9810667027877282
1.9094319053451776
1.9077014821861171
1.833729241567874
1.9064227459857697
1.762951397512319
1.7612220080594865
1.9056254802786454
1.8376386020250133
1.7677780034516761
1.76512909880702
1.6998753072164474
1.694084371348941
1.8316490141623247
1.7599400793446929
1.7591372974900295
1.6901797978127835
1.6880903226825494
1.680924379118232
1.6732370014045435
1.6051498642147783
1.6661853577646122
1.5460677839659478
1.538492821856051
1.6595874334689502
1.4733088303815438
1.531414565229766
1.5248228934262116
1.5914737125002643
1.4596373714383084
1.5187197370613603
1.6534855973475313
1.4171564753648842
1.409587748983507
1.34733197154776
1.402507946032213
1.2941093325385737
1.286540932695436
1.3959165823227975
1.6478685157697592
1.5797535867891228
1.6427376857357365
1.5131033813467085
1.6380940048123969
1.2272147652986503
1.2794609829051953
1.2728695757099184
1.3336606605523804
1.2135433360941739
1.2667665257133334
1.389813463385658
1.2611509142461999
1.3219417963983262
1.3790673542372485
1.384197500523186
1.3744233163153723
1.4381436521496558
1.447918030549444
1.201824852382728
1.2560212805376025
1.2513773197729456
1.3121678726688795
1.1920516545116433
1.2472229544425866
1.370270094806859
1.507972807717755
1.5033288798509319
1.5699790003687706
1.4991768993912478
1.6339432970256387
1.1769218297244608
1.1693534361681213
1.1129569463659248
1.1622734243517985
1.0655936645152848
1.0580252680934419
1.1556819397147633
1.004558292514146
1.0509452092845653
1.0443536383205925
1.0992853820531683
0.9908866004938177
1.0382505906014354
1.1495789139505703
0.9601239500086289
0.9525555578719442
0.9020151097465284
0.9454754655604385
0.8604970513507496
0.8529286702073964
0.9388838079374837
1.1439636080140048
1.0875671744990871
1.1388345427715127
1.0326355263434448
1.134190870708347
1.6302940493521514
1.5621776069780262
1.627150730852859
1.4955259831354384
1.6245044056746156
1.4303391846310367
1.4923823842337067
1.489738701339261
1.556389187933715
1.4245529263093382
1.4875692713164803
1.6223305224081495
1.366617219749588
1.3043600993710016
1.363472897539618
1.2435678373886843
1.360831839688676
1.6206026284593609
1.552490520077498
1.619317256208209
1.4858434954674777
1.6185080812606052
1.6208658367720719
1.5627604139513536
1.5540963492783204
1.5066080803616835
1.48893892655537
1.4524088580936168
1.4427682655054435
1.3805405236939712
1.4337631765252534
1.3292709886034584
1.3197428695328997
1.4252115919410442
1.4001627618704726
1.349869789452367
1.3392526367557245
1.3015299329202268
1.279954581030088
1.3629573052728277
1.3107112330884327
1.3021659247964092
1.2604182632602576
1.2428398441968567
1.2551432001300882
1.2435495015276041
1.1871811322852754
1.2325912987552452
1.1437240567936626
1.132242804974105
1.2220866123829883
1.0787773930725884
1.121258048799938
1.1107596295983244
1.1656916847667498
1.0572927334926905
1.1007499511760352
1.2120784138238623
1.0382492474379381
1.0267742810284122
0.9762339063328571
1.0157880374246062
0.9386220557955354
0.9271474392563396
1.0052899694248185
1.202556561981318
1.146160153802883
1.1935234481984085
1.0912284477782048
1.1849784968150163
1.2107096606609087
1.1682294930469093
1.1556587709104105
1.1277027796587564
1.1022199777737502
1.089127995079552
1.0755803354324622
1.025067184356868
1.0626684319531403
0.989406448317866
0.9759747614763707
1.0502105889583575
1.052496104087303
1.017774474545991
1.0033000849502232
0.999671640582616
0.9630362558432739
0.9505848747316106
1.1285820099699373
1.0821952522753115
1.0736503264349442
1.03776146854785
1.0201833447561945
0.9952802081585973
0.9857587233403522
0.9352182654947587
0.9767255227443803
0.8956533001436013
0.8861318157119144
0.9681806019076895
0.9547495162653081
0.9161611138147887
0.9056630657840536
0.917640144266735
0.8770986135890495
0.8685536941921812
1.5503905637209336
1.4845544221848392
1.4837377592989884
1.4206615807478822
1.4185496556147559
1.358667614833446
1.3569448061276672
1.2946932070677146
1.355651778739431
1.235625485208459
1.2339068261154726
1.3548262380523384
1.298575413950434
1.2404222083308292
1.2377836160331719
1.1842404512928186
1.178456405627533
1.2925674885652043
1.2326096052444315
1.2317733831355095
1.1745857159546893
1.1724438858632744
1.13003555361301
1.126377962176651
1.0699803920252338
1.1232302730923576
1.0187079098716407
1.0150477491329086
1.1205937322686532
0.9615799636398932
1.011897076422056
1.0092616954085725
1.0641955291434066
0.9557920323432743
1.0071189991042577
1.118442737947599
0.9132391611547868
0.9095766142097452
0.859035777275192
0.9064220036212078
0.813613586312798
0.8099491749101508
0.9037859827424966
1.1167299444809387
1.0603396022668412
1.1154282822941077
1.0054148073362672
1.1145789340059153
1.0777949552376591
1.0275070460306972
1.0228638727767492
0.9791685557401675
0.9693975024380285
0.9327806992704513
0.9271658032168686
0.8766253167188895
0.9220378790942647
0.8331536181202122
0.8275388192497826
0.9173953697564659
0.888343307045123
0.8458485594228347
0.8392568202523982
0.8668555102461961
0.8224114014889032
0.8177696533781995
1.0581783969542922
1.0041083011148255
1.0032419551014056
0.9519556712631378
0.9497687194404318
0.9016524123618443
0.8999620437624656
0.8494322124749061
0.8986502359386666
0.8020235489415819
0.8003571204688047
0.8977559886064225
0.8532415157583384
0.806790113975025
0.8041502897916388
0.8471951737698784
0.7990516565291395
0.7980592693049466
