0 0 0
1 0 0
0 1 0
1 1 0
0 0.875000000000025 0
0 0.750000000000413 0
0 0.625000000000951 0
0 0.50000000000133 0
0 0.375000000000998 0
0 0.250000000000665 0
0 0.125000000000333 0
0.124999999999774 0 0
0.249999999999408 0 0
0.37499999999904 0 0
0.499999999998672 0 0
0.624999999999004 0 0
0.749999999999336 0 0
0.874999999999668 0 0
1 0.124999999999774 0
1 0.249999999999408 0
1 0.37499999999904 0
1 0.499999999998672 0
1 0.624999999999004 0
1 0.749999999999336 0
1 0.874999999999668 0
0.875000000000025 1 0
0.750000000000413 1 0
0.625000000000951 1 0
0.50000000000133 1 0
0.375000000000998 1 0
0.250000000000665 1 0
0.125000000000333 1 0
0.5 0.5 0
0.75 0.25 0
0.25 0.25 0
0.25 0.75 0
0.75 0.75 0
0.374999999999336 0.125 0
0.125 0.125 0
0.624999999999336 0.125 0
0.5 0.25 0
0.875 0.125 0
0.625 0.375 0
0.375 0.375 0
0.125 0.625000000000665 0
0.125 0.875 0
0.125 0.375000000000665 0
0.25 0.5 0
0.375 0.625 0
0.875 0.374999999999336 0
0.875 0.624999999999336 0
0.75 0.5 0
0.875 0.875 0
0.625 0.625 0
0.625000000000665 0.875 0
0.375000000000665 0.875 0
0.5 0.75 0
0.187499999999704 0.0625 0
0.0625 0.0625 0
0.312499999999372 0.0625 0
0.249999999999668 0.125 0
0.437499999999004 0.0625 0
0.312499999999668 0.1875 0
0.1875 0.1875 0
0.562499999999004 0.0625 0
0.499999999999336 0.125 0
0.562499999999668 0.1875 0
0.437499999999668 0.1875 0
0.687499999999668 0.1875 0
0.625 0.25 0
0.375 0.25 0
0.687499999999336 0.0625 0
0.812499999999668 0.0625 0
0.749999999999668 0.125 0
0.9375 0.0625 0
0.8125 0.1875 0
0.4375 0.3125 0
0.3125 0.3125 0
0.5625 0.3125 0
0.5 0.375 0
0.6875 0.3125 0
0.5625 0.4375 0
0.4375 0.4375 0
0.0625 0.812500000000206 0
0.0625 0.9375 0
0.0625 0.687500000000539 0
0.125 0.750000000000333 0
0.0625 0.562500000000998 0
0.1875 0.687500000000333 0
0.1875 0.8125 0
0.0625 0.437500000000998 0
0.125 0.500000000000665 0
0.1875 0.437500000000333 0
0.1875 0.562500000000333 0
0.1875 0.312500000000333 0
0.25 0.375 0
0.25 0.625 0
0.0625 0.312500000000665 0
0.0625 0.187500000000333 0
0.125 0.250000000000333 0
0.3125 0.5625 0
0.3125 0.6875 0
0.3125 0.4375 0
0.375 0.5 0
0.4375 0.5625 0
0.9375 0.187499999999704 0
0.9375 0.312499999999372 0
0.875 0.249999999999668 0
0.9375 0.437499999999004 0
0.8125 0.312499999999668 0
0.9375 0.562499999999004 0
0.875 0.499999999999336 0
0.8125 0.562499999999668 0
0.8125 0.437499999999668 0
0.8125 0.687499999999668 0
0.75 0.625 0
0.75 0.375 0
0.9375 0.687499999999336 0
0.9375 0.812499999999668 0
0.875 0.749999999999668 0
0.9375 0.9375 0
0.8125 0.8125 0
0.6875 0.4375 0
0.6875 0.5625 0
0.625 0.5 0
0.6875 0.6875 0
0.5625 0.5625 0
0.812500000000206 0.9375 0
0.687500000000539 0.9375 0
0.750000000000333 0.875 0
0.562500000000998 0.9375 0
0.687500000000333 0.8125 0
0.437500000000998 0.9375 0
0.500000000000665 0.875 0
0.437500000000333 0.8125 0
0.562500000000333 0.8125 0
0.312500000000333 0.8125 0
0.375 0.75 0
0.625 0.75 0
0.312500000000665 0.9375 0
0.187500000000333 0.9375 0
0.250000000000333 0.875 0
0.5625 0.6875 0
0.4375 0.6875 0
0.5 0.625 0
