0.0
0.0
0.0
1.0
0.0
0.0
0.0
0.0
0.0
0.0
0.0
0.0
0.0
0.0
0.0
0.0
0.0
0.0
0.0
0.0
0.0
0.0
0.0
0.0
0.0
0.0
0.0
0.0
0.0
0.0
0.0
0.0
0.0
0.0
0.0
0.0
0.0
0.0
0.0
0.0
0.0
0.0
0.0
0.0
0.0
0.0
0.0
0.0
0.0
0.0
0.0
0.0
0.0
0.0
0.0
0.0
0.0
0.0
0.0
0.0
0.0
0.0
0.0
0.0
0.0
0.0
0.0312499999999407
0.0624999999998706
0.0937499999998222
0.124999999999774
0.156249999999682
0.187499999999591
0.2187499999995
0.249999999999408
0.281249999999316
0.312499999999224
0.343749999999132
0.37499999999904
0.406249999998948
0.437499999998856
0.468749999998764
0.499999999998672
0.531249999998755
0.562499999998838
0.593749999998921
0.624999999999004
0.656249999999087
0.68749999999917
0.718749999999253
0.749999999999336
0.781249999999419
0.812499999999502
0.843749999999585
0.874999999999668
0.906249999999751
0.937499999999834
0.968749999999917
0.968750000000016
0.937500000000032
0.90625000000004
0.875000000000025
0.843750000000129
0.812500000000258
0.781250000000338
0.750000000000413
0.718750000000536
0.687500000000704
0.656250000000837
0.625000000000951
0.593750000001007
0.562500000001097
0.531250000001162
0.50000000000133
0.468750000001247
0.437500000001164
0.406250000001081
0.375000000000998
0.343750000000915
0.312500000000832
0.281250000000748
0.250000000000665
0.218750000000582
0.187500000000499
0.156250000000416
0.125000000000333
0.0937500000002495
0.0625000000001663
0.0312500000000832
0.250013300534906
0.18751316759754671
0.06251327645838015
0.18751316759754472
0.5625133016862367
0.046888166269576224
0.01563820025915616
0.07813816746957913
0.12501316131648404
0.10938816677728769
0.23438815840386978
0.14063829480945428
0.07813816746974461
0.10938816677728613
0.04688816626974196
0.12501316131648263
0.23438815840386895
0.32813816739615065
0.5468881588757833
0.3750131583993227
0.7656383013903766
0.39063830109222963
0.5468881588769459
0.328138167397313
0.37501315839932126
0.011731900265035261
0.0039191669601209775
0.019544377081333403
0.03126321940941389
0.027356876682077258
0.058606979445535966
0.035169504213871786
0.0351693767007597
0.06251316742440197
0.1054819176581647
0.08204441363746826
0.12891941759819364
0.1562631678944003
0.09376323222729036
0.04298187670157286
0.050794377057418974
0.09376316746449673
0.058606761720175406
0.15235691760422754
0.13673198265230446
0.09766953806338838
0.17579440980145122
0.18751323232224087
0.2148569181730035
0.24610698269967826
0.19141954896920899
0.05079437705745189
0.05860676172017429
0.04298187670164699
0.09376316746457905
0.03516937670088359
0.12891941759831765
0.15235691760422576
0.027356876682201436
0.0625131674245672
0.08204441363759211
0.10548191765828846
0.058606979445660234
0.09376323222728881
0.1562631678943988
0.019544377081413343
0.011731900265073803
0.03126321940949624
0.1757944098014504
0.2148569181730025
0.13673198265230335
0.1875132323222397
0.24610698269967707
0.17579437621889193
0.2929818767650695
0.21876316749851332
0.410169376612328
0.25391941755698877
0.5273568774492726
0.43751316834409815
0.45704440867300744
0.3554819185173984
0.5586069805545204
0.4687632308421016
0.28126316844501975
0.644544368473584
0.761731939381973
0.6562632302580267
0.8789195246055261
0.6601695516540651
0.30079440823159975
0.386731981294537
0.31251323199909387
0.4726695515175334
0.31641955036781655
0.7617319393824764
0.644544368474711
0.6562632302586073
0.5273568774511413
0.5586069805550598
0.4101693766141965
0.43751316834526005
0.35548191851793765
0.4570444086735469
0.25391941755752856
0.28126316844501814
0.4687632308420998
0.2929818767662812
0.17579437621948088
0.2187631674990945
0.3867319812945357
0.300794408231599
0.3125132319990926
0.0029423775297561356
0.0009884808153020725
0.004895252032364352
0.007825865549108905
0.006848368469434023
0.01466180112201484
0.008802192235634845
0.008801496529359194
0.015638119247679577
0.02638034220165744
0.020521018643098094
0.032239727701385085
0.03907565597775789
0.023450839440421464
0.010754621289522252
0.012707746286247792
0.02345062678070564
0.01466087128991793
0.03809910309927393
0.03419301084936048
0.02442729669884959
0.043958538417458934
0.046888312872342616
0.05372409433202055
0.061536743224053975
0.04786482982181109
0.016613996289349703
0.0312631267023266
0.04981785281545824
0.0439584777757723
0.05567722781612952
0.07032566745944568
0.054700668008840624
0.09278660506423754
0.08302098007740966
0.0937631684588571
0.07325535584333841
0.11622410594162413
0.10255222487922988
0.06348972752075868
0.1025522300911749
0.11720066755161775
0.1435678550336017
0.1298959802662497
0.15723973009690612
0.171888167521083
0.14063816830517706
0.07032565842917493
0.08888034787587462
0.07520854381196942
0.10938816239743157
0.07813830063065447
0.018567121289400836
0.020520246289493838
0.03907562670071167
0.022473371291715484
0.061536602815238935
0.024426496351588382
0.046888126719054714
0.0732553527875327
0.0673959778154398
0.07911472690504454
0.10157566754885655
0.08595066746673324
0.026379623090880253
0.028332804798815767
0.05470063030285528
0.03028635747071125
0.0849741123228133
0.11231785508789363
0.12208348008610982
0.140638167593378
0.13184910507519942
0.1709116050936993
0.09669298436971924
0.07911484559657142
0.11427104509594399
0.11720079400958078
0.13184910185135887
0.13966172927955572
0.11817735436035248
0.14942722296173688
0.15626316617284544
0.1826303553380793
0.16114604503420607
0.20411472181080592
0.21095066930754222
0.16407579000291628
0.16700535557099316
0.18458348052772272
0.19532566777037802
0.20216160499247737
0.22559910517992893
0.19044297606088278
0.16505235962700662
0.2158335445567286
0.21876328740727682
0.24122410728646412
0.249036724310017
0.21973986297379977
0.028332804798820825
0.03028635747070983
0.026379623090893485
0.05470063030287163
0.02442649635161301
0.07911472690506896
0.08497411232281188
0.02247337129175004
0.046888126719108233
0.06739597781552645
0.07325535278758823
0.06153660281535728
0.08595066746685782
0.10157566754889719
0.020520246289542195
0.01856712128946214
0.03907562670081116
0.016613996289421652
0.05567722781628465
0.12208348008616081
0.1318491050751976
0.11231785508799744
0.1406381675934401
0.10255223009133002
0.15723973009697795
0.17091160509369846
0.01466087128999025
0.031263126702450225
0.043958477775927235
0.0498178528156129
0.03809910309942927
0.05470066800900583
0.07032566745961052
0.06348972752091361
0.07325535584349327
0.09376316845898089
0.08302098007756455
0.10255222487930163
0.11622410594169583
0.09278660506439196
0.05372409433217602
0.07032565842929886
0.07520854381204112
0.08888034787594645
0.061536743224125195
0.07813830063065197
0.10938816239743027
0.11720066755174097
0.12989598026632138
0.1435678550336728
0.14063816830517561
0.1718881675210808
0.0127077462863087
0.010754621289572185
0.02345062678080749
0.008801496529398205
0.03223972770150714
0.006848368469462738
0.015638119247738815
0.020521018643157935
0.026380342201748404
0.014661801122043003
0.023450839440461595
0.039075655977881776
0.004895252032382148
0.00294237752976386
0.007825865549127477
0.04395853841756203
0.034193010849410815
0.04688831287240319
0.18458348052772178
0.20216160499247576
0.16700535557099225
0.19532566777037713
0.149427222961736
0.2041147218108051
0.22559910517992807
0.13184910185135812
0.1562631661728447
0.16114604503420496
0.1826303553380787
0.13966172927955406
0.16407579000291467
0.21095066930754158
0.11427104509594294
0.09669298436971732
0.11720079400957895
0.21583354455672746
0.24122410728646343
0.19044297606088129
0.21876328740727533
0.2490367243100155
0.09083232073705116
0.15137965885107352
0.11720063781723275
0.2119265012664984
0.14161472737258274
0.2724733695628213
0.23438812642047557
0.25489597787234997
0.19825535256433074
0.3115366028182125
0.27345066747053337
0.1640756674032324
0.33302024643634187
0.39356712130655713
0.35157562669988174
0.45411399619735626
0.36817722773268136
0.1845834801058884
0.2373178550908861
0.20313816759650077
0.290052230031505
0.21973973007771236
0.5146608716731663
0.46876312701979644
0.48145847863659713
0.4248178530626522
0.5380990993436825
0.49220066432090626
0.38282566764135384
0.5009897213262311
0.4482553522930589
0.40626316518123123
0.39552098099957567
0.4150522210269655
0.36622410309465536
0.3427866051889173
0.553724115179596
0.5078256770461358
0.5127085431813925
0.46388036385292386
0.5615367203211195
0.5156382832022146
0.42188817559667985
0.3047006676270949
0.31739598099928096
0.2685678550668934
0.32813816604145624
0.23438816751967056
0.5752077469216784
0.6357546172903733
0.5859506229282055
0.6963014885540635
0.5947397194001952
0.756848383645245
0.7031381384771739
0.7080210405550281
0.6513803640572502
0.7646617167272077
0.7109507816849439
0.6015756781540307
0.8173953074009425
0.8779422295395719
0.8203257401549652
0.9384893692257172
0.8213023623692947
0.6064585429504714
0.6591929696216791
0.6093882824638618
0.7119273640745529
0.6103648641920008
0.24708348084703052
0.2920053540236295
0.2578256670437956
0.3369272207974505
0.2666147207210018
0.3818491122660159
0.34376317384616095
0.34864604410738476
0.307630360317132
0.3896617220133115
0.35157578500877606
0.27345067164055903
0.4267710435435004
0.4716929711098776
0.429700784046526
0.5166148641304305
0.4306773638403346
0.2783335449752141
0.31544297302496516
0.28126328603581807
0.3525523632685392
0.28223986240810506
0.8779422295397452
0.8173953074013754
0.8203257401552176
0.7568483836460269
0.7646617167274515
0.6963014885551668
0.7031381384779894
0.6513803640580957
0.7080210405555727
0.5947397194013415
0.6015756781549021
0.7109507816852341
0.6357546172918983
0.5752077469235861
0.5859506229297028
0.5146608716754194
0.5380990993451882
0.6591929696219583
0.6064585429510312
0.6093882824641305
0.5537241151804371
0.5615367203213779
0.454113996199609
0.4687631270216649
0.4248178530641574
0.4814584786381022
0.3681772277341869
0.3828256676425157
0.4922006643220683
0.34278660518975734
0.3955209810004157
0.40626316518177064
0.44825535229389946
0.3662241030949137
0.41505222102722406
0.5009897213270718
0.29005223003234565
0.30470066762763387
0.2685678550671512
0.3173959809995391
0.21973973007797093
0.2343881675196684
0.3281381660414546
0.5078256770466754
0.46388036385318254
0.5127085431816505
0.42188817559667857
0.5156382832022126
0.3935671213084706
0.3330202464379166
0.3515756267014225
0.27247336956405566
0.3115366028194002
0.21192650126741125
0.23438812642137558
0.19825535256491617
0.2548959778732365
0.1416147273728665
0.16407566740352203
0.27345066747140545
0.15137965885164845
0.09083232073732134
0.11720063781752663
0.2373178550914471
0.1845834801061677
0.20313816759677053
0.47169297110987624
0.42677104354349904
0.4297007840465247
0.38184911226601514
0.38966172201331
0.33692722079744974
0.3437631738461602
0.3076303603171313
0.34864604410738353
0.26661472072100095
0.27345067164055836
0.3515757850087746
0.29200535402362837
0.2470834808470295
0.2578256670437946
0.3154429730249637
0.2783335449752128
0.2812632860358165
0.0007428787600817345
0.0002539722998223066
0.0012309512413332569
0.0019658731790718276
0.001719089671661594
0.0036753147741465497
0.0022098857801154
0.0022073271121229015
0.003918766018299217
0.006604899839169506
0.005140205767807413
0.008069648730033067
0.009778875589900388
0.005872658721939362
0.002695603181364966
0.003183886229374085
0.005871802278635483
0.003672168477207153
0.00953447000321938
0.008558213555141369
0.006116572330967025
0.01099970305196736
0.011732039701982699
0.013441023222572974
0.015394147329845405
0.011976063130260246
0.0041604498569638056
0.007824933574867143
0.012464165463651367
0.010999317343278848
0.013929010361207979
0.017591249969126956
0.013684992775573154
0.023206514370074573
0.02076510173591395
0.0234506603948662
0.018323697370023775
0.02906589954896697
0.025647979790215818
0.01588233148849913
0.02564792378688302
0.02931003605192717
0.03590183337486905
0.03248385887512019
0.03931980708125188
0.042981910728709063
0.03516941877168017
0.017591423225567566
0.02223009614122315
0.018812178689538578
0.027357047647818128
0.01954453735926786
0.004648731048604231
0.005137012269929414
0.009778058884443646
0.005625293518490555
0.015393853960143672
0.00611357477127277
0.011731183778296048
0.018323541221430636
0.016858697515397418
0.01978838498226216
0.025403751677014343
0.021497502076832695
0.0066018560221692
0.007090137272076399
0.013684308789870786
0.007578418521941646
0.02125322874122322
0.028089330347298797
0.03053073623469156
0.03516941596673198
0.03297214230025733
0.04273777714216327
0.024183209401987323
0.01978861036599021
0.028577783623662617
0.029310163091642395
0.032972279516920534
0.034925398208536476
0.029554260981224725
0.03736673878577955
0.039075792387202324
0.045667586519239065
0.04029652070702496
0.05103861857646107
0.0527476620259081
0.04102891463389548
0.041761218860518645
0.04615573441802662
0.048841299938833516
0.050550269176386026
0.056409662010755465
0.04762071230585367
0.0412730270225751
0.053968387104068066
0.05470079119320716
0.06031601895421869
0.06226915128120861
0.054944912898524684
0.008066699771917724
0.01563743378947923
0.024182916241784626
0.022718072492551693
0.025647759991381545
0.03321625170159517
0.029310001697877685
0.04273776731722201
0.04029636106706999
0.04688816529926394
0.03785495480749634
0.05640965140513689
0.05299168263639768
0.03541354853585833
0.04517917356590316
0.05274754031773744
0.06324558893422666
0.05982762017838178
0.06666355768276291
0.07423191747020544
0.06641941743008228
0.041028790325369074
0.049573713985708104
0.04615574559378459
0.058606917584257345
0.05079441816483046
0.08570652694135521
0.08131199567468686
0.08790379253078034
0.07691746439152122
0.0993784019058275
0.09400730823997736
0.07252293315778516
0.09962254306732954
0.08863621484530501
0.08326512154353224
0.07813816787040245
0.08790379255021932
0.07789402719598834
0.06812840213398355
0.11109715253539099
0.1047494965911573
0.10938816689845354
0.098401839113887
0.1208627759136928
0.11353855244676009
0.09205417861139883
0.06373387134852182
0.06837254303673648
0.059339340048194925
0.07252292994678755
0.05494480632381439
0.09010105819251141
0.09766941758729825
0.11012058946450924
0.10474949568521455
0.11549168322195916
0.12306004258627745
0.11134129253112068
0.13648777695583547
0.13014012066727565
0.13673191754544406
0.1237924644105945
0.15015965193597047
0.14283543345369742
0.11744480833387519
0.14283543322297246
0.15040379257411085
0.1648080894418239
0.1574838706513767
0.1721323082187463
0.1797006675578447
0.16407566758224446
0.12306004324668668
0.13551121519860532
0.1281869965121209
0.14845066838916396
0.13282566616789943
0.05860690897584627
0.06715183018307394
0.06178073568805527
0.07618503279999872
0.06446630507463591
0.08570651681297203
0.0793588625048238
0.08204443422110713
0.07301122913917599
0.09156592034111508
0.08424174748306196
0.06666362115765581
0.09571628220402077
0.10621432895472452
0.09889011451357527
0.11720065704775197
0.10157568752096316
0.06837265731929015
0.07691757712024294
0.06959338109963303
0.08595077834835525
0.07032579256401728
0.008554981021929354
0.009043262271935849
0.017590558789371373
0.009531543521940754
0.027112603741371595
0.010019824771924589
0.01954368378938559
0.03004229124150957
0.028577447491407507
0.03150713499110919
0.04102875170054321
0.037122501700595126
0.010508106022010367
0.010996387271579592
0.021496808788952944
0.011484668523811241
0.032971978743103356
0.04762057981547678
0.05006198606543978
0.05860691531522322
0.05250339231589183
0.0700815264313299
0.011972949762132947
0.023449933777517876
0.03590166628278295
0.03443682248318916
0.03736650978382883
0.04884125161789922
0.04493500169677621
0.06226901735648564
0.059827611048697604
0.07032566531810011
0.05738620482052458
0.08375340141467466
0.08033543268475976
0.05494479856436689
0.06471042361243329
0.07618504050270333
0.09058933884291043
0.08717137024265156
0.09400730691091855
0.10548191710940413
0.09766941746458083
0.06446629031515197
0.07691746393057419
0.07349949518116214
0.08985691746821384
0.08204441746771098
0.012461231074433829
0.012949511984061152
0.025403058458528766
0.013437795160759141
0.0388313547853732
0.013926065089328477
0.027356173630465594
0.041761066212822925
0.040296192291872424
0.04322579141213152
0.05665376265671975
0.05274750033154742
0.014414424876242251
0.014902342675580316
0.029308883994994105
0.015406962629065948
0.044690458194712776
0.06715182824219801
0.06959324738903147
0.08204441690101394
0.07203464959902078
0.09742527823483477
0.09449558944012723
0.0988901206890678
0.10743504258859916
0.10328465194022937
0.12086277697007604
0.1076791831806801
0.1172006675846318
0.13160496446283354
0.126233870718239
0.13697605822819992
0.1464975425912033
0.13477879259758463
0.11207371447246409
0.11646824569025618
0.12696629262954695
0.12086277659766567
0.14234715200555198
0.14918308947362108
0.15553074571849668
0.16407566759888764
0.16187840196656983
0.1794565269765953
0.0788707150405284
0.07056992065295592
0.08717150174047761
0.08790391871225581
0.09547226099131795
0.09742540358199592
0.0881480513771366
0.10377299808738724
0.10548202503561313
0.11598007046768466
0.10670274847175557
0.125257373277874
0.12696639727459513
0.10743516965314054
0.11207373578179361
0.12037449151320193
0.12306006514333509
0.12867526646745564
0.13453467562347127
0.11793321692927672
0.10767930570985654
0.1281871209535221
0.12891954541396417
0.13844100544432175
0.14039415511060685
0.12916368405048156
0.13697605148858089
0.14063815720012535
0.15308932923392765
0.14381199340578044
0.1623666757335034
0.16602878255867004
0.1464975672381746
0.17945651716596817
0.1692026201507847
0.17188819392625243
0.15894874000152484
0.1853159290208538
0.1740854980623503
0.14869487323398473
0.18971042515992464
0.19337253305023516
0.2077768301800941
0.19654637174365858
0.21900729978992317
0.2226694087815771
0.19923194530893512
0.15040389496590145
0.16285506582925774
0.15162461896810037
0.17579451802605978
0.15235704602242955
0.14527683766793614
0.1535776213237245
0.15821629041935248
0.16187840281692278
0.17164402442690138
0.17017918358700201
0.17579441848130445
0.1901987153829831
0.18092137104915634
0.19947605872405844
0.20509129350020772
0.18556003969144125
0.1784799644824847
0.18678074564613123
0.19337254264735465
0.195081526925384
0.20875340200464515
0.19996433623051957
0.21021824566845343
0.21485691397569828
0.22047215306684087
0.23023777310865112
0.16480821815230257
0.15260118666147365
0.17701524237093785
0.1777476715031579
0.1892222515459973
0.1911754060778813
0.17799181372097567
0.20142924783221622
0.2031382663867708
0.21754256255710855
0.20435899105709904
0.23072612250566515
0.2324351397992885
0.2050914218709782
0.2136362427276185
0.22584324838944547
0.2285288215605144
0.23805026721672307
0.24390968126639506
0.21949571893615122
0.2053355653366492
0.2336558648018358
0.234388297045715
0.2478159998198034
0.24976915691922558
0.23463244170961803
0.014902342675581494
0.015406962629064602
0.01441442487624462
0.02930888399499637
0.013926065089332262
0.043225791412135284
0.04469045819471135
0.013437795160764938
0.02735617363047492
0.040296192291888605
0.04176106621283291
0.0388313547853955
0.052747500331572134
0.0566537626567281
0.012949511984070128
0.012461231074445592
0.025403058458547744
0.011972949762147148
0.03736650978385975
0.06959324738904168
0.07203464959901956
0.06715182824221833
0.08204441690102608
0.06471042361246415
0.09400730691093273
0.09742527823483318
0.011484668523827866
0.023449933777547567
0.03443682248323532
0.03590166628282151
0.032971978743157104
0.04493500169683999
0.04884125161794253
0.05494479856444938
0.057386204820594054
0.07032566531817111
0.05982761104875418
0.08033543268484622
0.08375340141474286
0.062269017356529385
0.052503392315987565
0.06446629031525442
0.07349949518128568
0.07691746393067908
0.07008152643147178
0.08204441746785651
0.0898569174683172
0.07618504050274336
0.08717137024270169
0.09058933884294251
0.09766941746464221
0.10548191710942445
0.0109963872715998
0.010508106022033871
0.021496808788994366
0.010019824771951416
0.031507134991173455
0.00953154352197105
0.019543683789440422
0.02857744749149082
0.03004229124158334
0.027112603741464368
0.03712250170070716
0.04102875170063007
0.009043262271968503
0.008554981021965061
0.017590558789438313
0.00806669977195601
0.025647759991482035
0.05006198606555137
0.04762057981560401
0.05860691531536045
0.04517917356604527
0.06666355768292576
0.11646824569027886
0.12086277659766398
0.11207371447250977
0.12696629262957215
0.10767918318074929
0.13697605822822784
0.14234715200555006
0.1032846519403223
0.11720066758470907
0.12623387071832454
0.13160496446289005
0.12086277697019043
0.13477879259767817
0.14649754259123415
0.09889012068918455
0.09449558944026754
0.10743504258872909
0.09010105819267426
0.11549168322210135
0.15553074571853068
0.16187840196656844
0.1491830894736886
0.16407566759892434
0.14283543322307296
0.1721323082187849
0.1794565269765948
0.007578418521980275
0.015637433789550896
0.0227180724926521
0.02418291624188465
0.021253228741324057
0.029310001698001523
0.03321625170171848
0.035413548536000344
0.03785495480763826
0.046888165299418846
0.04029636106721172
0.05299168263656031
0.05640965140529944
0.04273776731736348
0.0329721423003997
0.041028790325524075
0.04615574559394727
0.049573713985870724
0.042737777142326336
0.050794418164995775
0.05860691758442256
0.052747540317891854
0.05982762017854406
0.0632455889343887
0.06641941743024746
0.07423191747037007
0.05494480632397717
0.05933934004835756
0.06837254303689133
0.06373387134868444
0.07252292994692953
0.07789402719613027
0.06812840213414617
0.08790379255034311
0.08326512154367419
0.08863621484544698
0.07813816787055736
0.09962254306745333
0.09400730824011927
0.07252293315794778
0.09205417861149937
0.0984018391139875
0.10938816689852522
0.1047494965912576
0.1135385524467983
0.12086277591373099
0.1110971525354913
0.07691746439168376
0.08790379253093508
0.08131199567484906
0.09937840190596925
0.08570652694151722
0.05055026917654923
0.058606908976001335
0.06178073568819745
0.067151830183216
0.05640966201089799
0.06446630507475995
0.07618503280012259
0.06666362115775643
0.07301122913927663
0.08204443422117894
0.07935886250492444
0.08424174748310007
0.09156592034115336
0.08570651681307259
0.06031601895431926
0.06837265731936154
0.06959338109967031
0.07691757712028066
0.0622691512812462
0.07032579256401497
0.08595077834835327
0.09571628220409253
0.09889011451361354
0.10621432895476277
0.10157568752096183
0.1172006570477506
0.09766941758745251
0.10474949568535599
0.1101205894646505
0.11134129253124428
0.12306004258640055
0.11744480833397547
0.12379246441069455
0.1367319175455155
0.13014012066737535
0.14283543345373556
0.15015965193600836
0.136487776955935
0.1230600432467584
0.1281869965121591
0.13551121519864354
0.13282566616789798
0.14845066838916254
0.15040379257418174
0.15748387065141423
0.16480808944186126
0.16407566758224268
0.1797006675578425
0.007090137272111817
0.0066018560222019795
0.013684308789937018
0.006113574771302794
0.019788384982354183
0.005625293518517847
0.011731183778351448
0.016858697515473132
0.01832354122151459
0.015393853960211146
0.021497502076923518
0.025403751677126992
0.005137012269953967
0.0046487310486260395
0.009778058884488083
0.004160449856982915
0.013929010361267296
0.030530736234819653
0.028089330347413295
0.03516941596687025
0.02564792378698386
0.03931980708139525
0.003672168477223737
0.007824933574901022
0.01099931734332266
0.012464165463702957
0.009534470003255417
0.013684992775622021
0.017591249969196567
0.015882331488548167
0.018323697370085774
0.023450660394941612
0.020765101735988903
0.02564797979028674
0.02906589954905607
0.023206514370162502
0.013441023222608848
0.01759142322561162
0.01881217868957257
0.02223009614127563
0.015394147329861134
0.01954453735928715
0.027357047647879374
0.029310036052033688
0.03248385887522742
0.035901833374994474
0.0351694187717833
0.04298191072885356
0.0031838862293878992
0.002695603181376069
0.0058718022786586905
0.0022073271121312976
0.008069648730060879
0.0017190896716674105
0.003918766018312012
0.005140205767820267
0.006604899839189913
0.0036753147741519715
0.005872658721948069
0.009778875589929
0.0012309512413370602
0.000742878760083425
0.001965873179075265
0.01099970305199073
0.008558213555152384
0.011732039701996086
0.04615573441816592
0.04176121886063476
0.04884129993896248
0.037366738785872225
0.05103861857657441
0.0329722795169895
0.039075792387279186
0.0402965207070804
0.045667586519323705
0.03492539820856333
0.04102891463392486
0.052747662026000355
0.028577783623707845
0.024183209402009118
0.02931016309166671
0.05396838710413364
0.04762071230588563
0.05470079119324149
0.18678074564612945
0.19508152692538216
0.17847996448248335
0.19337254264735337
0.1701791835870009
0.19947605872405744
0.20875340200464387
0.16187840281692178
0.17579441848130356
0.1809213710491555
0.19019871538298222
0.17164402442690047
0.18556003969144036
0.20509129350020683
0.15357762132372355
0.1452768376679351
0.1582162904193516
0.13697605148858
0.16236667573350255
0.21021824566845254
0.22047215306683998
0.19996433623051868
0.2148569139756974
0.18971042515992384
0.21900729978992234
0.23023777310865023
0.12867526646745472
0.14063815720012451
0.14381199340577971
0.15308932923392682
0.1345346756234705
0.1464975672381738
0.1660287825586692
0.14869487323398367
0.1589487400015241
0.17188819392625168
0.16920262015078402
0.17408549806234913
0.18531592902085306
0.1794565171659674
0.1384410054443202
0.15040389496589984
0.1516246189680987
0.16285506582925618
0.1403941551106057
0.15235704602242844
0.17579451802605822
0.1933725330502344
0.1965463717436579
0.20777683018009335
0.19923194530893434
0.22266940878157632
0.12037449151320104
0.11207373578179272
0.12306006514333429
0.10377299808738613
0.12525737327787295
0.09547226099131634
0.1054820250356116
0.10670274847175373
0.11598007046768313
0.0974254035819945
0.10743516965313919
0.12696639727459358
0.08717150174047555
0.07887071504052665
0.08790391871225428
0.12818712095352036
0.11793321692927543
0.12891954541396294
0.22584324838944475
0.2380502672167223
0.21363624272761772
0.22852882156051366
0.20142924783221505
0.230726122505664
0.24390968126639423
0.1892222515459958
0.20313826638676927
0.20435899105709754
0.21754256255710702
0.1911754060778803
0.2050914218709773
0.23243513979928698
0.17701524237093624
0.16480821815230146
0.17774767150315685
0.23365586480183437
0.2478159998198019
0.21949571893615039
0.23438829704571412
0.2497691569192247
0.0461624603202572
0.07692095721251932
0.06055864635991742
0.10768197290734415
0.07447607132228104
0.13844383958394751
0.12110611058514809
0.13404657928136626
0.10426141108701323
0.16383171141823716
0.1464975052865421
0.08790375158168667
0.16920571394904954
0.19996746936679005
0.18165308569717353
0.23072917782005284
0.1936168555506956
0.10084326343079132
0.12965185353532604
0.11329441827422312
0.15846044322870045
0.1252573079957529
0.26149088650744295
0.24219993152075436
0.2531871682005632
0.2234020105482813
0.2829723252361467
0.26368500172289355
0.20509125087125823
0.27369481792299266
0.24488622410041888
0.2265756653364509
0.21607763006377906
0.23658543380269598
0.20875340255703295
0.18726903602302813
0.3025034116554902
0.2832162903425972
0.2922494962594201
0.26441746502386276
0.32008152748126006
0.300794417448494
0.24610691747761843
0.16993503957837308
0.1809213711473578
0.15308933947631692
0.1914194175081439
0.13673191709133983
0.2922526028142015
0.32301432218993364
0.3027468084494699
0.35377604159672926
0.3127574815918378
0.38453776051500105
0.36329368391283756
0.37232779394306625
0.3425426377596197
0.4021129501395856
0.3808725016543314
0.32227875173300247
0.41529947920473853
0.44606119785473936
0.42384055872702525
0.4768229165603352
0.43189810635564846
0.3313120053768682
0.36012059908375416
0.339856915282199
0.38892919278655413
0.3479135586798787
0.1477182456969522
0.17457371453749726
0.15821629262579898
0.201429183274402
0.1682260582333662
0.22828465200616843
0.2109506675902174
0.2199838707243153
0.1941049644711902
0.24586277696957953
0.22852879259662712
0.17774754259276943
0.2551401207531391
0.2819955894869166
0.26368504258068093
0.3088510581853302
0.27174168317434155
0.18678074572063058
0.21168308947504486
0.19532566760152792
0.23658543319260417
0.20338230821271708
0.5075846354552668
0.4843874338158648
0.4914684193013079
0.4616832627034025
0.5212535759978281
0.49806000247859533
0.4394662516898889
0.5041635686601718
0.4753549748773593
0.4531381660425244
0.44654638065631325
0.45924168460854653
0.43140965320349395
0.4177377865954429
0.5329721610814652
0.5097787898930694
0.5149057429450353
0.487073714704844
0.5427377704098368
0.5195444104602096
0.46485691728481704
0.39649754027320855
0.403577621468003
0.37574558995210827
0.41016941812885477
0.35548191740092655
0.5236947995720354
0.49683933259085195
0.4746225357864714
0.4699838677754897
0.47877292437861096
0.45289402028771497
0.4431284019365308
0.43165378603885246
0.4270151181137495
0.40113621464533045
0.4218881676435786
0.3808725428846045
0.37525730914225064
0.41627293414661637
0.4358041742233092
0.4109018330542439
0.3906381613318469
0.3859994935091582
0.3947885490854226
0.37086277087365727
0.3610971523741031
0.38941746512236897
0.3691537931679842
0.3625619958868809
0.34937840250553887
0.33570652692385305
0.5505502730691048
0.527356913390308
0.530530755499449
0.5046518349990836
0.5564096855946139
0.5332163260441886
0.48243503783830144
0.5354136212393368
0.5105112477413897
0.4882944506826895
0.4856088798320419
0.49049174638211557
0.4665659348684348
0.46070652192076667
0.560315994004049
0.5371226348404674
0.5383433611335078
0.5144175569405526
0.5622691564147391
0.5390757970948004
0.4922007603051404
0.43946628724270564
0.4426401291083142
0.4187143338041769
0.44532570029802887
0.3984506616042405
0.31641941750514146
0.32349949578770293
0.2976205893848236
0.3300912930784556
0.2793100425064969
0.33619480913770594
0.3112924649001988
0.29298191796778894
0.28639012072100295
0.29908543410206856
0.2751596522822426
0.2614877768837345
0.3418100431098876
0.3469369939387329
0.3230112150917768
0.35157566168090915
0.3047006683184985
0.24415379251353858
0.25123387066623243
0.22730808939679975
0.2578256678437562
0.21095066753361297
0.5383463546371003
0.5691080738811992
0.5449343095861731
0.599869792445156
0.5510387321607872
0.6306315093799436
0.6054811828756749
0.6106090400315911
0.5808238869247607
0.6403941927866634
0.6152474943782882
0.5566537510391152
0.6613932244557578
0.6921549391814262
0.666028051523816
0.7229166570032889
0.6701793482519623
0.5617807517483979
0.5905893418671586
0.5664194081352734
0.6193979345465495
0.5705698002532016
0.753678382131673
0.7265749318743994
0.7297496809014038
0.6999645101463984
0.759534860091539
0.7324350364332861
0.673841249009754
0.7346323805952916
0.7058237586990658
0.6797006997444616
0.6770151418752737
0.6818979965198593
0.6540659367818787
0.6482065336842915
0.7634410023573109
0.7363413811767765
0.7375621103240411
0.709730056008787
0.7653941563177716
0.7382945463776958
0.683607008616901
0.6230600371410514
0.6262338822258197
0.598401836587817
0.6289194515850819
0.5742319137961758
0.7844401174543436
0.8152018627607681
0.7871218432936216
0.8459636146839484
0.7893200443481512
0.8767253669245533
0.8476687714896453
0.8488904084645565
0.819105228590563
0.8786755774306592
0.8496226305563749
0.7910288422469736
0.9074871179661007
0.9382488128339631
0.908215692076866
0.9690097450149809
0.9084606802846693
0.7922496191786591
0.82105822766887
0.7929820440571893
0.8498668231748542
0.7932261923840644
0.5774057561441538
0.6042612484563759
0.5800913263797206
0.6311167460733789
0.5822886211295585
0.6579722433054925
0.6328257590595688
0.6340464854206702
0.6081675561195787
0.6599254061381206
0.6347789218384922
0.5839976344296816
0.6848277351232591
0.7116832184979707
0.6855601716724954
0.7385386921736982
0.6858043172471352
0.5852183607649533
0.6101207187864361
0.585950796978421
0.635023067303276
0.5861949423199593
0.2180307456281188
0.24097996465269012
0.22462254270866983
0.2639291840271213
0.23072605890119163
0.2868784027887288
0.2695444185009479
0.27467136990353896
0.2526987154531646
0.296644021712523
0.2793100376005293
0.23634129364264594
0.3098276194030125
0.3327768337551787
0.3144662870983399
0.3557260489696036
0.3186166738842179
0.24146824545180856
0.26246433476787745
0.24610691323493697
0.2834604238420817
0.2502572988859408
0.37867527064201945
0.3593881609166054
0.3625620024433366
0.3405893324269159
0.38453468404541935
0.36524757444587774
0.322278785171737
0.36744487206729404
0.34644874608782195
0.32813819897065744
0.3254526264718359
0.3303354974171449
0.3103159330933989
0.30445651914974203
0.3884409961366989
0.369153887114142
0.37037461288272344
0.3503550593654734
0.3903941566297964
0.37110704723705
0.3320445128922771
0.2871225343595134
0.2902963753773298
0.2702768307988387
0.2929819484529329
0.25391940845513483
0.4016245033164725
0.424573746971008
0.40431007488696424
0.4475229965622085
0.406507371787151
0.4704722449352955
0.44923201083223696
0.45045273694946825
0.428480057997214
0.47242540659171783
0.4511851722409814
0.4082163864315601
0.49342148652755013
0.516370719018002
0.4941539221838412
0.5393199422900201
0.49439806720657187
0.40943711240115566
0.43043321913092947
0.4101695472608051
0.4514293170624113
0.410413691850502
0.25709324905152997
0.2761362450346281
0.2597788227635003
0.29517924785440647
0.26197612331379905
0.31422224769586077
0.2968882637763752
0.29810898890860116
0.2800425611313383
0.31617540648212805
0.29884142204360065
0.2636851397647402
0.333265238390278
0.35230821908173005
0.3339976721632438
0.3713511915650063
0.3342418162027567
0.26490586442474173
0.2819957188716975
0.26563829706097636
0.29908556576519274
0.26588244039862596
0.9382488128340609
0.9074871179662853
0.9082156920769526
0.8767253669248156
0.8786755774307446
0.8459636146843439
0.8476687714899477
0.8191052285909043
0.8488904084647702
0.7893200443486199
0.7910288422473514
0.8496226305565023
0.8152018627613594
0.7844401174551119
0.7871218432942289
0.753678382132599
0.7595348600921792
0.8210582276689949
0.792249619178907
0.7929820440573123
0.7634410023576825
0.7653941563178924
0.7229166570043783
0.7265749318753422
0.6999645101473553
0.7297496809022022
0.6701793482530776
0.6738412490107253
0.7324350364339459
0.6482065336852751
0.6770151418761041
0.6797006997451567
0.7058237586997431
0.6540659367825893
0.6818979965204219
0.734632380595816
0.6193979345476869
0.6230600371420472
0.5984018365888241
0.6262338822266779
0.5705698002543571
0.5742319137971925
0.628919451585808
0.73634138117717
0.709730056009202
0.7375621103243091
0.6836070086173358
0.7382945463778415
0.6921549391827417
0.6613932244572878
0.6660280515251297
0.6306315093816761
0.6403941927879866
0.5998697924470834
0.6054811828773916
0.5808238869264604
0.6106090400331029
0.5510387321626755
0.5566537510407982
0.6152474943796009
0.56910807388328
0.5383463546393569
0.5449343095882532
0.5075846354577201
0.5212535759998862
0.590589341868478
0.5617807517498998
0.5664194081365994
0.53297216108315
0.5427377704111679
0.7116832184981136
0.6848277351235437
0.6855601716726355
0.6579722433059192
0.6599254061382579
0.6311167460739489
0.6328257590599878
0.6081675561199898
0.6340464854209442
0.5822886211301078
0.5839976344300847
0.6347789218386268
0.6042612484570888
0.5774057561450097
0.5800913263804206
0.5505502730701036
0.5564096855953016
0.610120718786568
0.5852183607652168
0.5859507969785505
0.5603159940044449
0.5622691564148659
0.4768229165627873
0.4843874338181176
0.4616832627054608
0.4914684193033657
0.43189810635770653
0.4394662516917577
0.49806000248046334
0.41773778659712746
0.44654638065799745
0.45313816604402934
0.4753549748790433
0.4314096532048244
0.4592416846098769
0.504163568661856
0.38892919278823856
0.3964975402747142
0.3757455899534391
0.4035776214693334
0.34791355868120954
0.3554819174020888
0.4101694181300166
0.5097787898945744
0.4870737147061745
0.5149057429463655
0.4648569172859791
0.5195444104613717
0.3357065269248518
0.3625619958878792
0.36915379316882424
0.3894174651233672
0.34937840250622576
0.37525730914293776
0.4162729341476148
0.3808725428851438
0.4011362146460177
0.4270151181144367
0.42188816764441894
0.43165378603939186
0.4528940202884022
0.4431284019375293
0.3610971523744997
0.385999493509555
0.3906381613321054
0.41090183305463995
0.3708627708737833
0.39478854908554883
0.4358041742237053
0.4699838677764884
0.4746225357873119
0.49683933259185054
0.4787729243792983
0.5236947995730338
0.3088510581863291
0.3164194175059819
0.29762058938551095
0.32349949578838977
0.2717416831750291
0.2793100425070363
0.33009129307899465
0.2614877768841311
0.28639012072139913
0.29298191796804696
0.31129246490059514
0.2751596522823681
0.2990854341021943
0.3361948091381025
0.23658543319300118
0.2441537925137967
0.22730808939692532
0.25123387066635783
0.2033823082128431
0.21095066753361075
0.25782566784375427
0.3418100431101459
0.3230112150919028
0.3469369939388588
0.30470066831849696
0.3515756616809077
0.5273569133911484
0.5046518349997711
0.5305307555001363
0.48243503783884095
0.5332163260447278
0.4607065219211629
0.48560887983243817
0.48829445068294797
0.5105112477417857
0.466565934868561
0.49049174638224147
0.5354136212397322
0.4394662872429642
0.41871433380430334
0.44264012910844064
0.39845066160423914
0.4453257002980273
0.5371226348407252
0.5144175569406784
0.5383433611336335
0.49220076030513826
0.5390757970947988
0.4460611978570189
0.4152994792068463
0.4238405587291081
0.3845377605169367
0.4021129501414765
0.35377604159849274
0.36329368391458206
0.34254263776117766
0.37232779394479076
0.3127574815932279
0.3222787517343782
0.3808725016560358
0.3230143221915245
0.29225260281561893
0.30274680845087387
0.26149088650868824
0.28297232523736976
0.36012059908527716
0.33131200537822925
0.339856915283545
0.30250341165669004
0.32008152748243507
0.2307291778211348
0.24219993152182784
0.22340201054918782
0.2531871682016279
0.19361685555144403
0.2050912508720027
0.26368500172394926
0.1872690360236154
0.21607763006451935
0.22657566533718682
0.24488622410131222
0.20875340255761626
0.23658543380342734
0.2736948179240394
0.15846044322913377
0.16993503957880723
0.1530893394766038
0.18092137114779241
0.1252573079958918
0.1367319170914841
0.19141941750857872
0.2832162903436344
0.2644174650247424
0.2922494962604475
0.24610691747834518
0.300794417449511
0.19996746936769977
0.16920571394978814
0.18165308569791694
0.13844383958451478
0.16383171141881883
0.10768197290775591
0.12110611058557
0.10426141108729584
0.13404657928179844
0.07447607132241355
0.0879037515818335
0.14649750528698302
0.07692095721280143
0.046162460320401666
0.0605586463600519
0.1296518535356148
0.10084326343093525
0.1132944182743645
0.2819955894877728
0.25514012075385306
0.2636850425813816
0.22828465200673947
0.24586277697012993
0.20142918327482917
0.21095066759063802
0.19410496447146472
0.21998387072472858
0.16822605823350262
0.1777475425929037
0.2285287925970323
0.1745737145377816
0.1477182456970937
0.15821629262593784
0.21168308947530923
0.18678074572076275
0.19532566760165748
0.5163707190180011
0.4934214865275489
0.49415392218384024
0.47047224493529416
0.4724254065917171
0.4475229965622074
0.4492320108322355
0.42848005799721245
0.45045273694946686
0.4065073717871498
0.40821638643155855
0.45118517224098054
0.42457374697100725
0.4016245033164719
0.40431007488696324
0.3786752706420189
0.38453468404541835
0.4304332191309287
0.4094371124011542
0.4101695472608043
0.38844099613669736
0.3903941566297956
0.3557260489696029
0.3593881609166048
0.34058933242691525
0.3625620024433359
0.3186166738842172
0.32227878517173636
0.36524757444587685
0.30445651914974137
0.32545262647183526
0.3281381989706566
0.34644874608782106
0.310315933093398
0.33033549741714363
0.36744487206729276
0.28346042384208087
0.28712253435951285
0.270276830798838
0.2902963753773291
0.25025729888594006
0.25391940845513405
0.292981948452932
0.36915388711414043
0.35035505936547173
0.3703746128827219
0.3320445128922756
0.37110704723704935
0.33277683375517797
0.30982761940301173
0.314466287098339
0.2868784027887279
0.2966440217125222
0.2639291840271204
0.2695444185009469
0.2526987154531637
0.2746713699035379
0.23072605890119063
0.2363412936426451
0.2793100376005284
0.240979964652689
0.2180307456281173
0.2246225427086685
0.26246433476787656
0.24146824545180767
0.24610691323493605
0.3523082190817292
0.33326523839027655
0.33399767216324305
0.31422224769585927
0.3161754064821273
0.2951792478544052
0.2968882637763737
0.28004256113133674
0.2981089889085998
0.2619761233137978
0.2636851397647386
0.29884142204359987
0.2761362450346272
0.2570932490515292
0.2597788227634994
0.2819957188716966
0.2649058644247403
0.2656382970609755
