0 11 58
11 57 58
11 12 57
58 57 38
12 59 57
59 60 57
59 37 60
57 60 38
12 13 59
13 61 59
13 14 61
59 61 37
38 60 63
60 62 63
60 37 62
63 62 34
14 64 61
64 65 61
64 39 65
61 65 37
39 66 65
66 67 65
66 40 67
65 67 37
39 68 66
68 69 66
68 33 69
66 69 40
37 67 62
67 70 62
67 40 70
62 70 34
14 15 64
15 71 64
15 16 71
64 71 39
16 72 71
72 73 71
72 41 73
71 73 39
16 17 72
17 74 72
17 1 74
72 74 41
39 73 68
73 75 68
73 41 75
68 75 33
34 70 77
70 76 77
70 40 76
77 76 43
40 78 76
78 79 76
78 42 79
76 79 43
40 69 78
69 80 78
69 33 80
78 80 42
43 79 82
79 81 82
79 42 81
82 81 32
2 4 84
4 83 84
4 5 83
84 83 45
5 85 83
85 86 83
85 44 86
83 86 45
5 6 85
6 87 85
6 7 87
85 87 44
45 86 89
86 88 89
86 44 88
89 88 35
7 90 87
90 91 87
90 46 91
87 91 44
46 92 91
92 93 91
92 47 93
91 93 44
46 94 92
94 95 92
94 34 95
92 95 47
44 93 88
93 96 88
93 47 96
88 96 35
7 8 90
8 97 90
8 9 97
90 97 46
9 98 97
98 99 97
98 38 99
97 99 46
9 10 98
10 58 98
10 0 58
98 58 38
46 99 94
99 63 94
99 38 63
94 63 34
35 96 101
96 100 101
96 47 100
101 100 48
47 102 100
102 103 100
102 43 103
100 103 48
47 95 102
95 77 102
95 34 77
102 77 43
48 103 104
103 82 104
103 43 82
104 82 32
1 18 74
18 105 74
18 19 105
74 105 41
19 106 105
106 107 105
106 49 107
105 107 41
19 20 106
20 108 106
20 21 108
106 108 49
41 107 75
107 109 75
107 49 109
75 109 33
21 110 108
110 111 108
110 50 111
108 111 49
50 112 111
112 113 111
112 51 113
111 113 49
50 114 112
114 115 112
114 36 115
112 115 51
49 113 109
113 116 109
113 51 116
109 116 33
21 22 110
22 117 110
22 23 117
110 117 50
23 118 117
118 119 117
118 52 119
117 119 50
23 24 118
24 120 118
24 3 120
118 120 52
50 119 114
119 121 114
119 52 121
114 121 36
33 116 80
116 122 80
116 51 122
80 122 42
51 123 122
123 124 122
123 53 124
122 124 42
51 115 123
115 125 123
115 36 125
123 125 53
42 124 81
124 126 81
124 53 126
81 126 32
3 25 120
25 127 120
25 26 127
120 127 52
26 128 127
128 129 127
128 54 129
127 129 52
26 27 128
27 130 128
27 28 130
128 130 54
52 129 121
129 131 121
129 54 131
121 131 36
28 132 130
132 133 130
132 55 133
130 133 54
55 134 133
134 135 133
134 56 135
133 135 54
55 136 134
136 137 134
136 35 137
134 137 56
54 135 131
135 138 131
135 56 138
131 138 36
28 29 132
29 139 132
29 30 139
132 139 55
30 140 139
140 141 139
140 45 141
139 141 55
30 31 140
31 84 140
31 2 84
140 84 45
55 141 136
141 89 136
141 45 89
136 89 35
36 138 125
138 142 125
138 56 142
125 142 53
56 143 142
143 144 142
143 48 144
142 144 53
56 137 143
137 101 143
137 35 101
143 101 48
53 144 126
144 104 126
144 48 104
126 104 32
