0.0
1.0
1.0
2.0
0.875000000000025
0.750000000000413
0.625000000000951
0.50000000000133
0.375000000000998
0.250000000000665
0.125000000000333
0.124999999999774
0.249999999999408
0.37499999999904
0.499999999998672
0.624999999999004
0.749999999999336
0.874999999999668
1.124999999999774
1.249999999999408
1.3749999999990399
1.499999999998672
1.624999999999004
1.749999999999336
1.874999999999668
1.8750000000000249
1.750000000000413
1.625000000000951
1.50000000000133
1.3750000000009979
1.250000000000665
1.125000000000333
1.0568380015581809
0.989707230721345
0.5315073535225967
0.9344236152358292
1.5349863321863704
0.5033759554342244
0.23998583380837665
0.7581521030229433
0.7580127943013024
1.0092193511093346
0.9986658812671874
0.7935924312024035
0.7307402538380562
0.9191334122230395
0.49859290508795334
0.7406408073954138
0.9498715277191572
1.2880598179555198
1.5185489103444978
1.2869322229117157
1.7612627331027961
1.297475089434008
1.512378823066254
1.2130361031572494
1.2520698810116724
0.29025598139376146
0.1725628425754875
0.441436835282695
0.4141392803775094
0.5498957202973676
0.5607848485980641
0.4639363638819174
0.696626760536935
0.6749562133501578
0.8082467979858444
0.6844437903020038
0.9244548209110905
0.9189715045852698
0.6793119105717669
0.8004141972742651
0.9479588436695154
0.9444197524812136
1.093871991120019
1.053111935245216
0.8213148178665177
0.7223350800557121
0.9428659887498616
0.9441779452977783
1.0320562931931263
1.0715316223914213
0.9855629177662334
0.8885327716557011
1.1023782170659098
0.7463940031023764
0.8965197774089566
0.6571427606876481
0.8815593710025824
1.011286194469068
0.4968475143783079
0.6601630285238582
0.6502977850823439
0.7855269644383752
0.5553012330783454
0.6754699575234843
0.9199733935391753
0.40903587855163476
0.28325607740452063
0.45285157366888534
0.9048853531005301
1.0363624851994497
0.8096557188493922
0.9347871658924009
1.066867475638168
1.2342525410900178
1.3531825451652757
1.242503754430231
1.4907061205056777
1.196790622437338
1.5890591297203007
1.4762525533083342
1.4462451737597655
1.35206298647125
1.5316030474970932
1.480714018203499
1.2357370373324081
1.7213412048590084
1.8192720016664972
1.708171284002205
1.9333478150846541
1.6798709949482975
1.2056573631668843
1.3413562195807953
1.2584537397496334
1.4503660781547558
1.2074900456697264
1.81818962274809
1.6793328538860735
1.7039482827054715
1.5310414529502143
1.5806066656802369
1.400450134950933
1.3920147837724426
1.2768779066746783
1.4271016752751564
1.1166323220909695
1.1600318935475575
1.4520925314024975
1.2822702342647154
1.147190876446907
1.1629304562009861
1.3280671420527856
1.1557724591132004
1.208959449590662
