1.0
1.1051709180756477
1.1051709180756477
1.2214027581601699
1.1017226496822352
1.0982851403078293
1.0948583563829744
1.0914422644429544
1.0880368311274853
1.0846420231803446
1.0812578074490762
1.0778841508846762
1.0745210205412583
1.071168383575726
1.0678262072474487
1.0644944589179606
1.0611731060506266
1.0578621162103434
1.0545614570631932
1.0512710963761638
1.0479910020167633
1.0447211419528206
1.0414614842520826
1.0382119970819286
1.0349726487090596
1.0317434074991885
1.0285242419167306
1.025315120524497
1.0221160119833856
1.0189268850520772
1.015747708586728
1.0125784515406682
1.0094190829640963
1.0062695720037786
1.0031298879027475
1.0031298879027333
1.006269572003749
1.009419082964053
1.0125784515406115
1.0157477085866535
1.0189268850519846
1.022116011983275
1.0253151205243682
1.0285242419165834
1.0317434074990226
1.034972648708875
1.0382119970817254
1.0414614842518606
1.0447211419525797
1.047991002016503
1.0512710963758845
1.0545614570629394
1.0578621162101045
1.0611731060504053
1.0644944589177534
1.0678262072472617
1.0711683835755617
1.0745210205411204
1.07788415088456
1.0812578074489767
1.0846420231802625
1.088036831127426
1.0914422644429156
1.0948583563829426
1.0982851403078076
1.1017226496822243
1.108629979162585
1.1120998667229722
1.115580614642461
1.1190722569127554
1.1225748276319472
1.1260883610048618
1.1296128913433758
1.1331484530667593
1.13669508070201
1.140252808884192
1.1438216723567722
1.1474017059719621
1.1509929446910554
1.1545954235847713
1.1582091778335968
1.1618342427281287
1.1654706536694415
1.1691184461693687
1.172777655850913
1.1764483184485732
1.1801304698086932
1.183824145889811
1.187529382763012
1.191246216612279
1.1949746837348476
1.1987148205415588
1.2024666635572159
1.2062302494209407
1.2100056148865312
1.2137927968228213
1.2175918322140389
1.217591832214051
1.2137927968228452
1.2100056148865663
1.2062302494209838
1.2024666635572812
1.1987148205416494
1.1949746837349573
1.1912462166124074
1.1875293827631643
1.1838241458899925
1.1801304698088997
1.1764483184488024
1.1727776558511576
1.1691184461696327
1.165470653669722
1.1618342427284376
1.1582091778338843
1.154595423585038
1.150992944691301
1.1474017059721866
1.1438216723569763
1.1402528088843753
1.1366950807021727
1.1331484530669016
1.129612891343498
1.126088361004964
1.1225748276320295
1.1190722569128178
1.1155806146425087
1.112099866723005
1.1086299791626009
1.105170169055988
1.105172741785145
1.051269765651551
1.105172741785145
1.1618360160152517
1.051273276593122
1.0253144522054423
1.0778863870651694
1.0778863375377223
1.105172776235106
1.1051726692838872
1.0778823370050703
1.0778863870653121
1.1051727762351056
1.0512732765932618
1.0778863375377217
1.1051726692838868
1.1331507337870266
1.16183646406308
1.1331506408206704
1.1912481538483728
1.1331499653681394
1.1618364640632342
1.1331507337871778
1.1331506408206704
1.0253172821527003
1.0125782988266123
1.0382141613259543
1.0382142588536867
1.0512732872404382
1.0512734701142548
1.038210962279901
1.064496677356186
1.0644966672412988
1.0778863701451202
1.064496644037611
1.0914445102877963
1.0914444937726475
1.064496944850391
1.0778863972234192
1.0914445376816246
1.0914445274034263
1.10517278596053
1.1051727589121842
1.0778867438210966
1.0644928732062935
1.0914444498745803
1.0914449565263875
1.105172725937475
1.1051732852731786
1.0914402354918082
1.091444537681683
1.1051727859605296
1.0778863972235482
1.0914445274034992
1.0644966773563982
1.0914445102878685
1.1051727589121847
1.051273287240648
1.06449666724144
1.0644966440376817
1.0778863701451922
1.051273470114325
1.064496944850391
1.0914444937726473
1.038214161326089
1.0253172821527654
1.0382142588537562
1.0914444498745803
1.105172725937475
1.0778867438210966
1.0914449565263875
1.105173285273179
1.1190745523747645
1.1331507439952597
1.1190745422514228
1.14740399094195
1.1190745250610543
1.1618365274974058
1.147403986640159
1.1474039077320326
1.1331507215360834
1.1618369888068225
1.1474044867824982
1.1190745111372824
1.1764505553171531
1.191248902376088
1.176451035343468
1.206232245276927
1.1764501813465815
1.119074437919426
1.1331512725632664
1.1190751093419937
1.1474033667443102
1.1190735754483034
1.1912489023761532
1.176450555317294
1.1764510353435467
1.161836527497637
1.1618369888069
1.1474039909421792
1.1474039866403114
1.1331507215361583
1.1474039077321088
1.1190745250611291
1.1190745111372817
1.1474044867824982
1.1331507439954076
1.119074552374835
1.1190745422514978
1.1331512725632669
1.119074437919426
1.1190751093419935
1.0125806399743191
1.0062697951632762
1.0189289083332076
1.0189293187263584
1.0253171501773561
1.0253176440202698
1.0189264469347896
1.0317454521569829
1.03174554996136
1.0382141435897303
1.031745617718566
1.0447233176871573
1.0447232871227161
1.0317459872885517
1.0382140543267042
1.0447232121029728
1.0447233192238095
1.0512731795072532
1.0512732855852904
1.0382146158343204
1.0317425440860717
1.0447234590253114
1.0447237883349723
1.051273241897218
1.0512737624688757
1.0447199527774238
1.0578642124013244
1.0578643208286582
1.0644966754014837
1.05786431883286
1.0711706139533184
1.0711706058217403
1.0578643115365973
1.0778863785682047
1.0711705973274563
1.0711705908156754
1.064496660187514
1.077886364011094
1.0711705697595468
1.057864299419209
1.0846442647872387
1.0846442562344722
1.0914445016854457
1.0846442480087313
1.098287368825888
1.0982873601726795
1.0846442419399391
1.0578642647036043
1.0644966131636036
1.057864546506289
1.071170546252191
1.057864796263872
1.064496568251239
1.0711705061334773
1.0711706159224827
1.0778862867466072
1.0778863952411974
1.0846441723711884
1.0846442835314778
1.091444535683817
1.08464428153713
1.0982874029360388
1.0982873945943261
1.0846442733070005
1.0914444259620968
1.0982872937032848
1.0982874047039455
1.1051726114913762
1.1051727845066277
1.0914445188237565
1.0982873859606719
1.0982873773624986
1.1051727675672205
1.1051727503127307
1.0644971486348656
1.0578606539624296
1.0711709237925384
1.0711710796688538
1.0778863244527859
1.077886850788127
1.0711666810206268
1.0846442098892282
1.0846442097832734
1.0914444648260226
1.0846446671272583
1.0982873029569262
1.0982873342746315
1.0846447247916151
1.0914444873672333
1.0982873526700911
1.098287345504696
1.1051727330400327
1.1051727190028826
1.0914449648845257
1.0846401023839927
1.0982878569488448
1.0982878204176378
1.1051727059242493
1.1051733401940127
1.098282934389177
1.0982872937033044
1.1051726114913751
1.0914444259621456
1.0982874047039748
1.0846441723712763
1.098287402936068
1.1051727845066275
1.07788628674673
1.0846442835315724
1.0846442815372308
1.0914445356838822
1.0778863952413338
1.0846442733071082
1.098287394594363
1.0711705061336456
1.0644965682514487
1.0711706159226537
1.057864212401571
1.071170613953496
1.0982873859607087
1.105172767567221
1.0914445188238284
1.098287377362535
1.0846442647873467
1.098287368825924
1.1051727503127307
1.0512731795074974
1.0578643208288687
1.0578643188330359
1.06449667540166
1.0512732855854652
1.057864311536738
1.0711706058218822
1.0578642994193146
1.0644966601876205
1.071170590815747
1.0711705973275634
1.0711705697595826
1.0778863640111305
1.0778863785683117
1.0512732418973223
1.0578642647036742
1.0578645465063243
1.0644966131636382
1.0512737624689104
1.0578647962638719
1.0711705462521905
1.0846442562345442
1.084644248008767
1.0914445016854812
1.0846442419399396
1.0982873601726788
1.0447232121031793
1.038214054326873
1.044723319223981
1.0317454521571143
1.0447233176872945
1.025317150177453
1.0317455499614585
1.0317456177186335
1.0382141435898318
1.0253176440203022
1.031745987288586
1.0447232871228203
1.0189289083332689
1.012580639974348
1.018929318726391
1.044723459025381
1.0382146158343546
1.044723788335007
1.098287352670091
1.1051727330400318
1.0914444873672335
1.0982873455046964
1.0846442098892282
1.0982873029569262
1.105172719002883
1.0778863244527854
1.084644209783273
1.0846446671272585
1.0914444648260222
1.077886850788127
1.084644724791616
1.0982873342746315
1.0711709237925384
1.0644971486348656
1.0711710796688538
1.0982878569488448
1.1051727059242489
1.0914449648845261
1.0982878204176383
1.1051733401940131
1.1121020386653049
1.1190744394938825
1.1121021433586344
1.1260905413807993
1.1121021405533114
1.1331506308408807
1.126090654785619
1.1260906529240517
1.1190745505340929
1.1331507422008777
1.1260906447267311
1.1121021322053752
1.1402549839352312
1.1474038783564806
1.1402550969920644
1.1545975929894658
1.1402550949037549
1.1121021235646968
1.1190745336917325
1.1121021149757744
1.1260906360377687
1.1121021064077783
1.1618364118906062
1.1545977075921439
1.1545977096189493
1.147403990435003
1.161836495985146
1.1545976752251859
1.1402550875222426
1.1545976346277733
1.1474039559137292
1.1402550572415806
1.1402550835788898
1.140255002746428
1.133150699776738
1.1331507256419115
1.16183668577712
1.1545978477230325
1.15459818637094
1.1474041086541766
1.1618365571531712
1.1545977437279968
1.140255187220379
1.1260906275632738
1.1260906230041718
1.1190745163845346
1.1260906057044506
1.1121020976410425
1.1691206149410336
1.176450449627177
1.1691206950383404
1.1838262757598779
1.1691206781757708
1.1912485856430994
1.1838266265849953
1.1838268499186162
1.1764507926323455
1.191248531236298
1.1838264582593538
1.169120905906312
1.1987173609533093
1.2062324301678014
1.1987171314031786
1.2137947385798102
1.198716790476274
1.1691211769542145
1.1764506295820705
1.1691207578163656
1.1838260475333937
1.1691202665520226
1.1121020915521385
1.1190744978615499
1.1121020816424805
1.1260905447761984
1.1121020255246528
1.13315080387578
1.1260906809830973
1.1260911993906075
1.1190745422839208
1.1331508192495652
1.1260907582263542
1.1121020959352328
1.1402556087806919
1.1474040357035449
1.14025515336672
1.1545971441356082
1.1402544009938378
1.11210269744551
1.1190746974937964
1.112102364923353
1.1260897805672159
1.1121011064600377
1.2062324301678227
1.1987173609533637
1.198717131403211
1.191248585643195
1.1912485312363303
1.1838262757600122
1.1838266265850979
1.1764507926324552
1.1838268499186884
1.169120678175918
1.1691209059064283
1.1838264582593931
1.1764504496273618
1.1691206149412638
1.1691206950385271
1.1618364118908755
1.1618364959853391
1.17645062958211
1.1691211769542924
1.1691207578164051
1.161836685777236
1.1618365571532099
1.1545975929897343
1.154597707592373
1.1474039904351931
1.1545977096191404
1.1402550949039445
1.1402550875223936
1.15459767522534
1.1331507256420243
1.140255083579003
1.1402550572416574
1.1474039559138443
1.1331506997767762
1.140255002746466
1.154597634627888
1.1260906360378815
1.126090627563348
1.119074516384571
1.1260906230042087
1.1121021064078151
1.112102097641042
1.126090605704451
1.1545978477231094
1.1474041086542144
1.1545981863709782
1.1402551872203786
1.1545977437279973
1.147403878356708
1.1402549839354181
1.1402550969922536
1.1331506308410257
1.1331507422010274
1.126090541380906
1.1260906547857281
1.119074550534166
1.1260906529241632
1.1121021405533464
1.1121021322054125
1.1260906447268435
1.1190744394939496
1.1121020386653355
1.1121021433586695
1.119074533691807
1.112102123564734
1.1121021149758108
1.1474040357035453
1.1402556087806919
1.14025515336672
1.1331508038757794
1.1331508192495656
1.1260905447761989
1.126090680983096
1.11907454228392
1.1260911993906078
1.1121020255246528
1.1121020959352323
1.1260907582263546
1.1190744978615506
1.1121020915521385
1.1121020816424807
1.1190746974937968
1.1121026974455097
1.112102364923353
1.0062711953478827
1.003130303231869
1.0094207955116778
1.0094210732024402
1.0125801073009875
1.0125804942362577
1.009419104118721
1.01574934168781
1.0157497882325626
1.0189291029674536
1.0157500624424622
1.0221181366060068
1.0221183013300417
1.0157497300213292
1.0189285196176172
1.022117652943265
1.0221180319341512
1.0253167672804209
1.0253172307722496
1.018928868665208
1.0157474045184762
1.0221184969572863
1.0221179545243229
1.0253174644882457
1.0253170219227246
1.0221154533850676
1.0285258938747441
1.0285262799631858
1.0317455396906028
1.0285263633532504
1.0349747883735092
1.034974804376163
1.0285263737130312
1.0382141590817486
1.0349747952053043
1.0349747917603938
1.0317455459541325
1.0382141456617795
1.0349748840653854
1.0285264282539894
1.0414636563089443
1.0414636481330022
1.044723306330262
1.0414636300132285
1.0479931802442057
1.0479931663098125
1.0414636398989336
1.0285266349054307
1.0317458463779956
1.0285267962889155
1.034975130902005
1.0285261029149808
1.0317450645735327
1.0349743109513296
1.0349746996061229
1.0382136645281963
1.0382141431963614
1.0414631569197383
1.0414635479348466
1.044723301324905
1.0414636369088464
1.0479931681628034
1.047993186027299
1.0414636550465817
1.0447228198561893
1.0479926851715806
1.0479930786486285
1.0512727847989423
1.0512732693093483
1.0447233207951525
1.0479931872067794
1.0479931849932722
1.0512732882400093
1.0512732825505493
1.031745229061415
1.028523472522159
1.0349752496832507
1.0349744318496916
1.0382145202033872
1.0382137428060245
1.034971697133718
1.041463773375627
1.0414640460566051
1.044723740338107
1.0414641179844453
1.047993347363131
1.0479936350274857
1.0414631935306464
1.0447233062213677
1.0479931470622472
1.0479931763326664
1.0512732602733592
1.051273282006118
1.044722815712099
1.0414603704403018
1.0479936590872754
1.0479926411341882
1.0512737622018413
1.051272701679764
1.0479897406629894
1.054563150770559
1.054563546713859
1.057864302766172
1.0545636367976021
1.0611752994498578
1.061175317567808
1.054563654800357
1.064496678393645
1.061175318602524
1.0611753156031223
1.057864321851409
1.0644966714408115
1.0611753116287308
1.0545636557963016
1.0678284336684887
1.0678284306684618
1.0711706099993876
1.0678284267214817
1.0745232539318348
1.0745232497525432
1.0678284225214174
1.054563652832162
1.0578643149775306
1.0545636494149573
1.0611753076330108
1.0545636461742371
1.0778863828318723
1.0745232455130669
1.0745232412166117
1.0711706015526135
1.0778863742577132
1.0745232370361681
1.0678284182805227
1.0745232335737347
1.0711705936843412
1.067828411505006
1.0678284144752341
1.0678284068474406
1.0644966560963889
1.064496663306504
1.0778863668722565
1.0745232307448505
1.0745232245229017
1.0711705854444484
1.077886356814874
1.0745232070209352
1.0678283929893273
1.0611753043409617
1.0611753006646962
1.0578643081309385
1.0611752903361333
1.0545636389250932
1.0812600464021505
1.081260042154092
1.0846442605321225
1.0812600378732344
1.0880390758806482
1.0880390716185167
1.0812600335572067
1.09144450601682
1.0880390673037517
1.0880390630056556
1.0846442519220332
1.0914444974139452
1.0880390592205473
1.0812600295340973
1.0948606120631368
1.0948606077810092
1.0982873645309934
1.0948606034347117
1.1017250078007743
1.1017250034885895
1.0948605992035216
1.0812600264509808
1.0846442451072105
1.0812600234784442
1.0880390564846958
1.0812600151998293
1.054563620391019
1.0578642788938795
1.0545636037240418
1.0611752680951487
1.054563655117124
1.0644966203954151
1.0611752570750763
1.0611753317159827
1.0578643276530069
1.0644966995236076
1.0611755643135483
1.0545638591560764
1.0678283682849328
1.0711705443445778
1.067828365385668
1.074523181250298
1.0678284634084632
1.0545641540316457
1.057864842778638
1.0545641307514633
1.0611758607952377
1.0545630293328894
1.0578638152188509
1.061174810376865
1.061175208802508
1.0644961685785548
1.064496659182324
1.0678279222591458
1.0678283231827832
1.0711705976346957
1.0678284143985284
1.0745232415311885
1.074523259876289
1.0678284326291845
1.0711701039550847
1.074522746305902
1.0745231497434453
1.0778858820479584
1.077886378821053
1.071170616964668
1.0745232609218234
1.0745232579001924
1.0778863982722813
1.0778863912589034
1.0812595440428474
1.0812599500149944
1.0846442650153802
1.0812600423800323
1.0880390803673055
1.0880390989492406
1.0812600608405853
1.0914445387487497
1.0880391000075469
1.0880390969472002
1.08464428458689
1.091444531652562
1.088039092927089
1.0812600618928028
1.0948606449021479
1.094860641806128
1.0982873988761228
1.0948606377586163
1.1017250422004532
1.1017250379249584
1.0948606334972208
1.081260058852322
1.0846442775298868
1.0812600548573261
1.088039088691069
1.0812600506481902
1.084643765157464
1.0880385787807665
1.0880389873926513
1.091444016596904
1.0914445190661728
1.094860118255419
1.0948605311273503
1.098287385875274
1.0948606251432578
1.1017250320210976
1.1017250490540373
1.094860643871879
1.0982868890552457
1.1017244935372439
1.101724932811233
1.1051724854831861
1.1051727662121844
1.098287405968428
1.1017250493743422
1.1017250462138741
1.1051727884994964
1.1051727804974818
1.084644269044738
1.0880390844143215
1.0880390801402275
1.0914445231131769
1.0914445145477645
1.0948606291944198
1.0948606248914614
1.0982873816548422
1.0948606205992975
1.1017250249391708
1.1017250206326485
1.0948606163238908
1.0982873902764307
1.1017250335910904
1.1017250292587604
1.1051727719135749
1.1051727632326247
1.0982873730883107
1.101725016341188
1.1017250120682314
1.1051727546047068
1.1051727460440133
1.0578636561800696
1.0545600594616955
1.0611757914017548
1.0611746144110725
1.064497240524735
1.0644959363193356
1.061171581163204
1.0678287205081665
1.0678290145021818
1.0711712153546586
1.0678289005128412
1.0745235873234948
1.0745238758051068
1.0678276543023615
1.0711706558166183
1.0745231883741826
1.0745233093095314
1.077886311762573
1.077886456550998
1.0711698008615826
1.0678245623618228
1.074523718826331
1.0745224086039733
1.07788702866159
1.077885510236096
1.0745192617029238
1.0812599942165173
1.0812599687791362
1.0846441851194473
1.0812599873320652
1.0880390182319886
1.0880389944444309
1.0812601303574514
1.091444427367251
1.0880390254251804
1.088039189525901
1.0846443634802232
1.0914446390409291
1.088039500396576
1.0812604261556347
1.0948605488746623
1.0948605279404875
1.0982872837208553
1.0948605720589137
1.1017249391062478
1.101724922995552
1.09486075617894
1.0812607068684685
1.0846449432940597
1.081260508496669
1.0880397716401293
1.081259138589821
1.084644232487158
1.088039053037455
1.0880390423351538
1.0914444911792551
1.0914444753574761
1.0948605957194313
1.0948605932395072
1.0982873502720123
1.094860588976595
1.1017249919018735
1.1017249894875567
1.0948605756083547
1.0982873559928916
1.1017249991280589
1.101724995037451
1.1051727374623002
1.10517272889459
1.0982873307939964
1.1017249839375332
1.101724967660381
1.10517272409579
1.105172701637534
1.084643326515912
1.0812559398120865
1.0880395334351562
1.0880381073286074
1.091445222574802
1.091443512894329
1.0880348602576544
1.0948610797928355
1.0948613401452278
1.098288112768813
1.0948610633444664
1.101725517183631
1.1017257580444342
1.0948595826278935
1.0982875276386839
1.1017249820164299
1.1017251856713397
1.105172648074092
1.1051729196374716
1.0982863143551755
1.0948563074501845
1.101725422895825
1.1017239724183994
1.105173585957584
1.105171053114951
1.1017206136635234
1.1017244935372545
1.1051724854831866
1.0982868890552662
1.1017249328112424
1.094860118255448
1.1017250320211072
1.1051727662121837
1.091444016596948
1.0948605311273842
1.0948606251432973
1.0982873858752986
1.091444519066226
1.094860643871923
1.1017250490540524
1.0880385787808318
1.0846437651575491
1.0880389873927196
1.081259544042949
1.0880390803673783
1.1017250493743571
1.105172788499496
1.098287405968457
1.1017250462138888
1.0948606449021918
1.1017250422004676
1.1051727804974818
1.0778858820480774
1.0812599500150997
1.081260042380141
1.0846442650154708
1.0778863788211792
1.0812600608406973
1.088039098949317
1.0812600618929178
1.0846442845869877
1.088039096947284
1.0880391000076268
1.088039092927176
1.0914445316526313
1.0914445387488119
1.077886398272414
1.0812600588524406
1.0812600548574487
1.084644277529991
1.0778863912590428
1.0812600506483157
1.088039088691159
1.0948606418061755
1.0948606377586674
1.0982873988761561
1.0948606334972752
1.101725037924977
1.0745227463060454
1.071170103955251
1.0745231497435908
1.0678279222593337
1.0745232415313368
1.064496168578763
1.0678283231829724
1.067828414398719
1.0711705976348656
1.0644966591825353
1.0678284326293763
1.0745232598764392
1.0611748103770893
1.0578638152190938
1.0611752088027364
1.054563150770822
1.0611752994500872
1.074523260921977
1.0711706169648423
1.0745232579003492
1.067828433668684
1.0745232539319947
1.1017250335911095
1.1051727719135753
1.0982873902764676
1.1017250292587795
1.0948606291944745
1.10172502493919
1.1051727632326254
1.0914445231132492
1.094860624891516
1.0948606205993516
1.098287381654879
1.0914445145478366
1.0948606163239443
1.1017250206326672
1.0880390844144117
1.084644269044846
1.0880390801403172
1.0812600464022757
1.0880390758807374
1.1017250163412062
1.1051727546047072
1.0982873730883465
1.1017250120682494
1.0948606120631905
1.1017250078007925
1.1051727460440135
1.0512727847992047
1.0545635467141041
1.0545636367978295
1.0578643027664003
1.051273269309575
1.0545636548005666
1.0611753175680194
1.0545636557964948
1.0578643218516017
1.0611753156032981
1.061175318602717
1.0611753116288893
1.06449667144097
1.064496678393839
1.051273288240202
1.0545636528323372
1.0545636494151154
1.0578643149776892
1.0512732825507065
1.0545636461743775
1.0611753076331523
1.0678284306686388
1.0678284267216407
1.0711706099995473
1.067828422521559
1.0745232497526853
1.054563638925216
1.0578643081310615
1.061175300664802
1.0611753043410856
1.0611752903362222
1.0644966560964777
1.064496663306628
1.067828406847512
1.0678284115050949
1.0711705936844305
1.067828414475341
1.0745232335738066
1.0745232370362579
1.0678284182806466
1.0678283929893806
1.0711705854445022
1.0745232245229372
1.0745232307449046
1.0745232070209525
1.0778863568148918
1.0778863668723107
1.0711706015527378
1.0745232412167187
1.0745232455131912
1.0778863742578026
1.077886382831997
1.0512732602734816
1.0545636203911242
1.0545636037241293
1.057864278893967
1.0512732820062052
1.0545636551171942
1.061175268095219
1.0545638591561293
1.0578643276530597
1.0611753317160177
1.0611752570751287
1.0611755643135665
1.064496699523625
1.064496620395468
1.0512737622018937
1.0545641540316812
1.0545641307514808
1.0578648427786557
1.0512727016797816
1.054563029332889
1.0611758607952382
1.0678283682849679
1.0678283653856857
1.0711705443445951
1.0678284634084632
1.0745231812502973
1.0812600421541996
1.0812600378733244
1.0846442605322122
1.0812600335572786
1.0880390716185886
1.0812600295341515
1.0846442519220871
1.088039063005691
1.0880390673038054
1.0880390592205655
1.091444497413963
1.0914445060168743
1.0812600264510168
1.0812600234784626
1.0846442451072287
1.0812600151998293
1.0880390564846962
1.0948606077810452
1.094860603434729
1.0982873645310116
1.0948605992035212
1.101725003488589
1.047992685171823
1.0447228198564131
1.0479930786488536
1.041463156919943
1.047993168163012
1.0382136645283824
1.041463547935034
1.0414636369090164
1.0447233013250945
1.0382141431965128
1.0414636550467342
1.0479931860274898
1.0349743109514966
1.0317450645736814
1.034974699606273
1.0285258938748743
1.0349747883736424
1.0479931872069526
1.044723320795307
1.0479931849934279
1.0414636563090798
1.0479931802443438
1.0253167672805343
1.0285262799633001
1.0285263633533481
1.0317455396907182
1.0253172307723304
1.0285263737131132
1.0349748043762799
1.0285264282540556
1.0317455459542155
1.0349747917604781
1.0349747952054047
1.0349748840654538
1.0382141456618648
1.0382141590818665
1.0253174644882943
1.02852663490548
1.028526796288949
1.0317458463780462
1.0253170219227408
1.0285261029149981
1.034975130902057
1.0414636481331216
1.0414636300133315
1.0447233063303822
1.0414636398990202
1.0479931663099342
1.0221176529433595
1.0189285196176936
1.0221180319342298
1.015749341687869
1.0221181366060699
1.0125801073010305
1.0157497882326076
1.015750062442493
1.0189291029675003
1.0125804942362722
1.0157497300213456
1.02211830133009
1.0094207955117072
1.0062711953478978
1.0094210732024544
1.0221184969573187
1.0189288686652245
1.0221179545243393
1.047993147062352
1.0447233062214543
1.0479931763327532
1.0414637733756962
1.0479933473632013
1.038214520203439
1.041464046056657
1.04146411798448
1.0447237403381595
1.0382137428060418
1.0414631935306637
1.0479936350275376
1.0349752496832854
1.0317452290614324
1.034974431849709
1.04799365908731
1.0447228157121162
1.0479926411342055
1.1017249991280582
1.1051727374623
1.0982873559928912
1.1017249950374508
1.0948605957194308
1.1017249919018735
1.1051727288945896
1.0914444911792556
1.0948605932395075
1.0948605889765952
1.0982873502720127
1.0914444753574761
1.094860575608355
1.1017249894875571
1.0880390530374555
1.084644232487158
1.0880390423351538
1.0812599942165169
1.0880390182319886
1.1017249839375332
1.1051727240957905
1.0982873307939964
1.101724967660381
1.0948605488746619
1.1017249391062478
1.105172701637534
1.077886311762572
1.0812599687791353
1.0812599873320643
1.0846441851194468
1.0778864565509978
1.0812601303574512
1.0880389944444304
1.081260426155635
1.084644363480223
1.0880391895259005
1.08803902542518
1.0880395003965762
1.0914446390409287
1.0914444273672506
1.0778870286615905
1.0812607068684692
1.0812605084966695
1.0846449432940601
1.0778855102360958
1.081259138589821
1.0880397716401298
1.0948605279404875
1.0948605720589133
1.0982872837208548
1.0948607561789396
1.1017249229955515
1.0745231883741821
1.071170655816618
1.0745233093095312
1.0678287205081665
1.0745235873234948
1.0644972405247353
1.0678290145021823
1.0678289005128407
1.071171215354659
1.0644959363193351
1.067827654302361
1.0745238758051072
1.0611757914017543
1.0578636561800696
1.061174614411072
1.0745237188263315
1.0711698008615822
1.0745224086039729
1.1017249820164294
1.1051726480740913
1.0982875276386836
1.1017251856713395
1.0948610797928353
1.1017255171836313
1.105172919637471
1.0914452225748024
1.0948613401452283
1.0948610633444669
1.0982881127688133
1.0914435128943292
1.094859582627894
1.1017257580444348
1.0880395334351567
1.0846433265159123
1.0880381073286074
1.1017254228958255
1.105173585957584
1.0982863143551758
1.1017239724184
1.1051710531149515
1.1086325159682717
1.1121026803632343
1.1086320803658234
1.1155834821760278
1.1086322072046957
1.1190751264587764
1.1155827968829704
1.1155829499021102
1.1121021836761007
1.119074594685621
1.1155829074004449
1.1086321806864148
1.1225776926224311
1.1260912226257542
1.12257700918602
1.1296157507279148
1.122577164736199
1.108632181828169
1.1121021467583003
1.1086321761924567
1.1155829118217269
1.1086321722084196
1.1331513106217994
1.129615070457859
1.1296152257027443
1.1260906968121227
1.1331507859466345
1.1296151837071875
1.1225771226442487
1.1296151882754288
1.1260906593463058
1.1225771207815916
1.1225771272272245
1.122577116956636
1.1190745466904424
1.1190745569843599
1.1331507485848045
1.1296151818832498
1.1296151780956862
1.126090649123869
1.1331507383523567
1.1296151736541797
1.1225771125408595
1.1155829054229576
1.1155829015602223
1.112102136655492
1.115582897107498
1.1086321678066615
1.1366979364902976
1.1402556628996279
1.1366972571052814
1.143824524619578
1.136697412122286
1.1474045565130369
1.143823846087518
1.143824000914205
1.140255138879833
1.1474040329711266
1.1438239589451484
1.1366973702222865
1.1509957934678186
1.1545982704400455
1.1509951156018023
1.1582120227615686
1.1509952700600738
1.136697374804712
1.1402551014780646
1.13669736834587
1.1438239633222655
1.1366973643735836
1.1086321634768708
1.1121021278920342
1.108632159137176
1.1155828928122167
1.1086321548169593
1.119074537977939
1.1155828885025438
1.1155828842223805
1.1121021192606717
1.1190745294109257
1.1155828799480294
1.108632150509973
1.122577108289413
1.1260906404464277
1.122577103989153
1.1296151692551364
1.122577099614614
1.1086321462218716
1.1121021107069327
1.1086321419546945
1.1155828756246122
1.1086321376772172
1.1618370865394614
1.1582113463482244
1.1582115025008504
1.1545977478444378
1.1618365690170305
1.1582114634615341
1.150995228463216
1.1582114687328682
1.1545977148482744
1.150995230638928
1.1509952343851717
1.1509952283789278
1.147403989176122
1.1474039956331472
1.1618365235809538
1.1582114548479652
1.158211430546006
1.1545976992973652
1.1618364670873178
1.1582114001082566
1.1509952184358028
1.143823956985036
1.1438239541983233
1.1402550910895335
1.143823952201874
1.1366973598970538
1.158211393930856
1.154597644162351
1.1509951637911255
1.1509951954724333
1.150995150944016
1.1474039238633846
1.147403977823589
1.1438238893022439
1.1438239215013501
1.1402550766323984
1.1438239421995877
1.136697346248558
1.1366973523121624
1.14382395008593
1.1438238699701255
1.1402550251475398
1.1366972965384545
1.1366973282583017
1.1366972712608256
1.1331506687137276
1.1331507162960657
1.1402550855144402
1.136697354089247
1.1366973563107003
1.1331507232293396
1.1331507294159198
1.161836530560735
1.1582114565433546
1.1582116117243864
1.1545976930318615
1.1618368801891004
1.158211813027322
1.1509952047520464
1.1582119320926507
1.1545980560055642
1.1509955737422901
1.1509953584413148
1.1509957163359572
1.1474043309509412
1.14740395656074
1.1618368838681579
1.1582118312253349
1.158211494699164
1.1545980904118402
1.1618361819225154
1.158211101258475
1.1509956262602858
1.1438239134324912
1.1438240632477776
1.1402550404654233
1.1438242924353372
1.1366973028831238
1.1296151648234187
1.1296151609160963
1.12609063159945
1.1296151582880634
1.122577095170926
1.129615156617441
1.1260906247130986
1.1225770879477257
1.1225770910243527
1.1225770861452045
1.11907451308265
1.119074520624681
1.1296151521251603
1.1296151371229133
1.1260906191729187
1.129615107003704
1.122577082879952
1.1155828712043796
1.115582866889139
1.1121021020121877
1.115582863367107
1.1086321333137619
1.1654734982371182
1.1691212924978118
1.1654728244147534
1.1727804994918876
1.1654729785660038
1.1764511465237302
1.1727798118819328
1.1727799434138115
1.1691207590430954
1.1764505828235292
1.1727798802445384
1.165472927396009
1.1801332680562602
1.1838269193173228
1.180132580528915
1.187532177229021
1.1801327495052596
1.1654729101424701
1.1691206767391986
1.1654728797367804
1.1727798956538042
1.1654728805680201
1.1912491146709867
1.1875316023374751
1.1875319069199832
1.1838265144109017
1.191248892632723
1.1875320199711585
1.1801327934469974
1.1875320831787999
1.1838267916511855
1.180133112966841
1.180132952845522
1.1801331804075188
1.1764509613978538
1.1764506426243029
1.1912487933821485
1.1875319631509307
1.1875316964270592
1.1838267331917047
1.191248264303837
1.1875314181897454
1.1801330640343215
1.1727799695789558
1.1727801233307424
1.1691207518080116
1.172780297772272
1.1654729504239167
1.1949777581568872
1.1987180664652533
1.1949771918738097
1.2024699647483477
1.1949774045649635
1.2062334236210512
1.202469078636275
1.2024690186587792
1.1987174192371
1.2062323748536992
1.2024687379730774
1.1949772456676226
1.2100085259192654
1.213795439818944
1.210007587147817
1.2175942587925865
1.210007651732471
1.1949770023960986
1.1987168933095624
1.1949767427173144
1.2024686506056077
1.1949766378375786
1.1654731053342968
1.1691210869485107
1.1654732929668667
1.1727803795314173
1.165473391923232
1.1764509204342146
1.1727802663137359
1.1727799669933603
1.1691210659361926
1.1764503152995471
1.1727796390181466
1.1654732836328976
1.1801327813818854
1.1838261688581524
1.180132479913221
1.187531302573109
1.180132352508291
1.1654729663850996
1.169120415191538
1.1654726080476472
1.1727794980081607
1.1654724511363326
1.1086321289068337
1.112102093907077
1.1086321249697346
1.11558286123604
1.1086321223507105
1.1190745083393736
1.1155828588080579
1.1155828497306013
1.1121020894017457
1.119074472139972
1.1155828258608964
1.108632120392027
1.1225770709300456
1.126090576808569
1.1225770435138511
1.129615076832489
1.1225770101126953
1.1086321138965838
1.1121020597233238
1.1086320940292116
1.1155827913883787
1.1086320605391915
1.1331506660374362
1.1296150954080697
1.129615227148772
1.126090556587094
1.1331510518239143
1.1296154800424136
1.1225770151978294
1.1296157205032755
1.126090937634309
1.1225773896314304
1.1225771309248833
1.1225776742358615
1.1190748006348943
1.1190744365380465
1.13315123382754
1.1296156987478794
1.1296152717046393
1.126091198230935
1.1331502440805603
1.1296146587742042
1.12257769849659
1.1155827840690464
1.1155828787116606
1.1121020130565258
1.1155831333765618
1.1086320437614134
1.1366974456854066
1.1402554230849984
1.1366976878685242
1.1438244626025909
1.1366978903865572
1.1474044037313575
1.1438243879176953
1.1438240087200184
1.140255544049829
1.14740357802462
1.1438235257043647
1.1366978375058259
1.1509952690738787
1.1545973306030946
1.1509948346076118
1.1582109255360433
1.1509946363367338
1.136697435031472
1.140254642587884
1.1366968936927875
1.1438233000423499
1.1366966344482468
1.1086321147779512
1.112102342563059
1.1086323481798388
1.1155834664145798
1.1086327166284735
1.1190751658302625
1.115583565166744
1.115583082515851
1.1121028528971328
1.1190739295371204
1.115582224531353
1.108632944888134
1.1225772447862017
1.1260901025326895
1.1225765391849265
1.1296143589019398
1.1225761966950918
1.10863249791782
1.1121013428048596
1.1086311016636436
1.115581888536632
1.1086310853544452
1.2137954398189559
1.2100085259192885
1.2100075871478277
1.2062334236210843
1.2062323748537094
1.2024699647483965
1.2024690786363128
1.198717419237143
1.202469018658806
1.1949774045650232
1.1949772456676715
1.2024687379730932
1.1987180664653254
1.1949777581569794
1.1949771918738847
1.1912491146710977
1.1912488926328035
1.1987168933095786
1.194977002396131
1.1949767427173303
1.1912487933821971
1.1912482643038529
1.1875321772291514
1.18753160233759
1.18382651441102
1.1875319069200823
1.1801327495053973
1.180132793447119
1.187532019971243
1.1764506426244281
1.1801329528456281
1.1801331129669321
1.1838267916512732
1.176450961397948
1.180133180407594
1.1875320831788687
1.1727798956539481
1.1727799695790841
1.169120751808143
1.1727801233308552
1.1654728805681709
1.1654729504240522
1.17278029777237
1.1875319631509829
1.1838267331917607
1.1875316964270952
1.1801330640343803
1.187531418189765
1.1838269193174804
1.180133268056443
1.180132580529075
1.1764511465239373
1.1764505828236924
1.1727804994921176
1.1727798118821406
1.1691207590433033
1.1727799434139972
1.1654729785662348
1.1654729273962177
1.1727798802447027
1.1691212924980592
1.165473498237385
1.1654728244150032
1.1618370865397507
1.161836569017281
1.169120676739366
1.16547291014266
1.1654728797369516
1.1618365235811663
1.1618364670874919
1.1838261688581715
1.1801327813819247
1.1801324799132404
1.1764509204342732
1.1764503152995665
1.172780379531496
1.1727802663137945
1.1691210659362508
1.1727799669933998
1.1654733919233098
1.1654732836329558
1.1727796390181662
1.169121086948608
1.1654731053344132
1.1654732929669636
1.1618365305608696
1.161836880189197
1.169120415191558
1.1654729663851384
1.1654726080476667
1.161836883868216
1.1618361819225347
1.1582120227618566
1.158211346348493
1.154597747844687
1.1582115025010997
1.1509952700603225
1.1509952284634455
1.1582114634617646
1.147403995633357
1.1509952343853818
1.1509952306391185
1.1545977148484847
1.1474039891762926
1.1509952283790996
1.1582114687330796
1.143823963322475
1.143823956985226
1.1402550910897042
1.1438239541984938
1.1366973643737537
1.1366973598972048
1.143823952202025
1.1582114548481575
1.154597699297538
1.1582114305461795
1.1509952184359555
1.1582114001084112
1.1331507294160517
1.1366973563108322
1.1366973540893595
1.140255085514572
1.1331507232294329
1.136697352312256
1.1438239500860625
1.1366973462486336
1.1402550766324935
1.1438239215014456
1.1438239421997016
1.1438238893023207
1.147403923863481
1.1474039778237222
1.1331507162961225
1.136697328258359
1.136697296538493
1.1402550251475971
1.1331506687137471
1.1366972712608447
1.1438238699701824
1.1509951954725675
1.1509951637912414
1.1545976441624854
1.150995150944111
1.1582113939309902
1.1296151692552683
1.1296151648235315
1.1260906315995438
1.1296151609161895
1.1225770996147073
1.1225770951710003
1.129615158288138
1.119074520624737
1.1225770910244082
1.1225770879477626
1.1260906247131541
1.1190745130826683
1.1225770861452227
1.129615156617497
1.1155828756246682
1.1155828712044162
1.1121021020122064
1.1155828668891568
1.1086321376772357
1.1086321333137614
1.115582863367106
1.129615152125198
1.1260906191729372
1.1296151371229324
1.122577082879952
1.1296151070037044
1.1582114565434694
1.1545976930319566
1.1582116117244823
1.150995204752122
1.1582118130273988
1.1474039565607965
1.1509953584413721
1.1509955737423279
1.1545980560056215
1.1474043309509598
1.1509957163359765
1.1582119320927085
1.1438239134325285
1.140255040465442
1.143824063247796
1.1366973028831233
1.1438242924353363
1.1582118312253737
1.1545980904118602
1.158211494699183
1.1509956262602863
1.1582111012584748
1.1545982704403128
1.1509957934680655
1.1509951156020497
1.1474045565132638
1.1474040329713544
1.1438245246197853
1.143823846087725
1.1402551388800206
1.143824000914413
1.136697412122453
1.1366973702224543
1.1438239589453572
1.1402556628998142
1.1366979364904624
1.1366972571054474
1.1331513106219435
1.1331507859467813
1.1402551014782538
1.1366973748048812
1.1366973683460395
1.1331507485849528
1.1331507383525072
1.129615750728039
1.1296150704579844
1.1260906968122302
1.1296152257028713
1.1225771647362874
1.1225771226443384
1.1296151837073158
1.1190745569844314
1.122577127227315
1.122577120781683
1.1260906593464157
1.1190745466905159
1.1225771169567293
1.129615188275558
1.1155829118217797
1.115582905423011
1.1121021366555284
1.115582901560277
1.1086321722084365
1.1086321678066802
1.1155828971075534
1.1296151818833802
1.1260906491239808
1.129615178095817
1.1225771125409536
1.1296151736543114
1.1260912226258588
1.1225776926225164
1.1225770091861071
1.1190751264588408
1.11907459468569
1.1155834821760742
1.115582796883019
1.1121021836761338
1.1155829499021617
1.1086322072047108
1.108632180686432
1.1155829074004973
1.1121026803632654
1.1086325159682877
1.1086320803658385
1.112102146758335
1.1086321818281863
1.108632176192474
1.1260906404465403
1.1225771082895064
1.1225771039892465
1.119074537978014
1.1190745294110003
1.1155828928122724
1.1155828885025993
1.1121021192607088
1.115582884222436
1.1086321548169775
1.1086321505099916
1.1155828799480851
1.1121021278920713
1.1086321634768894
1.1086321591371946
1.1121021107069695
1.1086321462218898
1.108632141954713
1.154597330603095
1.1509952690738787
1.1509948346076118
1.147404403731358
1.1474035780246203
1.1438244626025909
1.1438243879176953
1.1402555440498297
1.1438240087200189
1.1366978903865572
1.1366978375058263
1.1438235257043652
1.140255423084998
1.1366974456854062
1.1366976878685238
1.1331506660374357
1.133151051823914
1.1402546425878843
1.1366974350314722
1.136696893692788
1.1331512338275405
1.1331502440805603
1.129615076832489
1.1296150954080693
1.1260905565870936
1.1296152271487712
1.1225770101126953
1.122577015197829
1.1296154800424132
1.1190744365380456
1.1225771309248824
1.12257738963143
1.1260909376343085
1.1190748006348934
1.122577674235862
1.129615720503276
1.1155827913883787
1.1155827840690455
1.112102013056525
1.1155828787116597
1.1086320605391915
1.108632043761413
1.1155831333765613
1.1296156987478798
1.1260911982309358
1.1296152717046397
1.122577698496591
1.1296146587742042
1.1260905768085694
1.1225770709300462
1.1225770435138518
1.1190745083393736
1.1190744721399724
1.1155828612360397
1.1155828588080583
1.112102089401746
1.1155828497306022
1.1086321223507105
1.1086321203920275
1.1155828258608969
1.112102093907076
1.1086321289068333
1.1086321249697342
1.1121020597233244
1.1086321138965842
1.1086320940292116
1.1260901025326893
1.1225772447862017
1.1225765391849265
1.119075165830263
1.1190739295371206
1.1155834664145796
1.1155835651667445
1.1121028528971333
1.1155830825158515
1.108632716628474
1.1086329448881345
1.1155822245313531
1.1121023425630585
1.1086321147779508
1.1086323481798384
1.11210134280486
1.10863249791782
1.1086311016636439
