0.0
0.0
0.0
1.0
0.0
0.0
0.0
0.0
0.0
0.0
0.249999999999408
0.499999999998672
0.749999999999336
0.5625000000006195
0.25000000000133005
0.06250000000033251
0.12563447399927244
0.1444308074673062
0.013754624391979154
0.0453781044688433
0.42974508653399685
0.018730713635310915
0.0013289633027649633
0.050011943160653397
0.06429742916246903
0.0996549606623557
0.15201454866089165
0.051323745764879906
0.015910878062209664
0.010159941009161903
0.007783581965614398
0.03635618618571866
0.08228760168484296
0.29152694204674323
0.48304163008244166
0.2855692554900318
0.6801226433478874
0.25084808686243665
0.3519082301803551
0.1286756481876068
0.19069318088312462
