0 0 0
1 0 0
0 1 0
1 1 0
0 0.968750000000016 0
0 0.937500000000032 0
0 0.90625000000004 0
0 0.875000000000025 0
0 0.843750000000129 0
0 0.812500000000258 0
0 0.781250000000338 0
0 0.750000000000413 0
0 0.718750000000536 0
0 0.687500000000704 0
0 0.656250000000837 0
0 0.625000000000951 0
0 0.593750000001007 0
0 0.562500000001097 0
0 0.531250000001162 0
0 0.50000000000133 0
0 0.468750000001247 0
0 0.437500000001164 0
0 0.406250000001081 0
0 0.375000000000998 0
0 0.343750000000915 0
0 0.312500000000832 0
0 0.281250000000748 0
0 0.250000000000665 0
0 0.218750000000582 0
0 0.187500000000499 0
0 0.156250000000416 0
0 0.125000000000333 0
0 0.0937500000002495 0
0 0.0625000000001663 0
0 0.0312500000000832 0
0.0312499999999407 0 0
0.0624999999998706 0 0
0.0937499999998222 0 0
0.124999999999774 0 0
0.156249999999682 0 0
0.187499999999591 0 0
0.2187499999995 0 0
0.249999999999408 0 0
0.281249999999316 0 0
0.312499999999224 0 0
0.343749999999132 0 0
0.37499999999904 0 0
0.406249999998948 0 0
0.437499999998856 0 0
0.468749999998764 0 0
0.499999999998672 0 0
0.531249999998755 0 0
0.562499999998838 0 0
0.593749999998921 0 0
0.624999999999004 0 0
0.656249999999087 0 0
0.68749999999917 0 0
0.718749999999253 0 0
0.749999999999336 0 0
0.781249999999419 0 0
0.812499999999502 0 0
0.843749999999585 0 0
0.874999999999668 0 0
0.906249999999751 0 0
0.937499999999834 0 0
0.968749999999917 0 0
1 0.0312499999999407 0
1 0.0624999999998706 0
1 0.0937499999998222 0
1 0.124999999999774 0
1 0.156249999999682 0
1 0.187499999999591 0
1 0.2187499999995 0
1 0.249999999999408 0
1 0.281249999999316 0
1 0.312499999999224 0
1 0.343749999999132 0
1 0.37499999999904 0
1 0.406249999998948 0
1 0.437499999998856 0
1 0.468749999998764 0
1 0.499999999998672 0
1 0.531249999998755 0
1 0.562499999998838 0
1 0.593749999998921 0
1 0.624999999999004 0
1 0.656249999999087 0
1 0.68749999999917 0
1 0.718749999999253 0
1 0.749999999999336 0
1 0.781249999999419 0
1 0.812499999999502 0
1 0.843749999999585 0
1 0.874999999999668 0
1 0.906249999999751 0
1 0.937499999999834 0
1 0.968749999999917 0
0.968750000000016 1 0
0.937500000000032 1 0
0.90625000000004 1 0
0.875000000000025 1 0
0.843750000000129 1 0
0.812500000000258 1 0
0.781250000000338 1 0
0.750000000000413 1 0
0.718750000000536 1 0
0.687500000000704 1 0
0.656250000000837 1 0
0.625000000000951 1 0
0.593750000001007 1 0
0.562500000001097 1 0
0.531250000001162 1 0
0.50000000000133 1 0
0.468750000001247 1 0
0.437500000001164 1 0
0.406250000001081 1 0
0.375000000000998 1 0
0.343750000000915 1 0
0.312500000000832 1 0
0.281250000000748 1 0
0.250000000000665 1 0
0.218750000000582 1 0
0.187500000000499 1 0
0.156250000000416 1 0
0.125000000000333 1 0
0.0937500000002495 1 0
0.0625000000001663 1 0
0.0312500000000832 1 0
0.5 0.5 0
0.75 0.25 0
0.25 0.25 0
0.25 0.75 0
0.75 0.75 0
0.374999999999336 0.125 0
0.125 0.125 0
0.624999999999336 0.125 0
0.5 0.25 0
0.875 0.125 0
0.625 0.375 0
0.375 0.375 0
0.125 0.625000000000665 0
0.125 0.875 0
0.125 0.375000000000665 0
0.25 0.5 0
0.375 0.625 0
0.875 0.374999999999336 0
0.875 0.624999999999336 0
0.75 0.5 0
0.875 0.875 0
0.625 0.625 0
0.625000000000665 0.875 0
0.375000000000665 0.875 0
0.5 0.75 0
0.187499999999704 0.0625 0
0.0625 0.0625 0
0.312499999999372 0.0625 0
0.249999999999668 0.125 0
0.437499999999004 0.0625 0
0.312499999999668 0.1875 0
0.1875 0.1875 0
0.562499999999004 0.0625 0
0.499999999999336 0.125 0
0.562499999999668 0.1875 0
0.437499999999668 0.1875 0
0.687499999999668 0.1875 0
0.625 0.25 0
0.375 0.25 0
0.687499999999336 0.0625 0
0.812499999999668 0.0625 0
0.749999999999668 0.125 0
0.9375 0.0625 0
0.8125 0.1875 0
0.4375 0.3125 0
0.3125 0.3125 0
0.5625 0.3125 0
0.5 0.375 0
0.6875 0.3125 0
0.5625 0.4375 0
0.4375 0.4375 0
0.0625 0.812500000000206 0
0.0625 0.9375 0
0.0625 0.687500000000539 0
0.125 0.750000000000333 0
0.0625 0.562500000000998 0
0.1875 0.687500000000333 0
0.1875 0.8125 0
0.0625 0.437500000000998 0
0.125 0.500000000000665 0
0.1875 0.437500000000333 0
0.1875 0.562500000000333 0
0.1875 0.312500000000333 0
0.25 0.375 0
0.25 0.625 0
0.0625 0.312500000000665 0
0.0625 0.187500000000333 0
0.125 0.250000000000333 0
0.3125 0.5625 0
0.3125 0.6875 0
0.3125 0.4375 0
0.375 0.5 0
0.4375 0.5625 0
0.9375 0.187499999999704 0
0.9375 0.312499999999372 0
0.875 0.249999999999668 0
0.9375 0.437499999999004 0
0.8125 0.312499999999668 0
0.9375 0.562499999999004 0
0.875 0.499999999999336 0
0.8125 0.562499999999668 0
0.8125 0.437499999999668 0
0.8125 0.687499999999668 0
0.75 0.625 0
0.75 0.375 0
0.9375 0.687499999999336 0
0.9375 0.812499999999668 0
0.875 0.749999999999668 0
0.9375 0.9375 0
0.8125 0.8125 0
0.6875 0.4375 0
0.6875 0.5625 0
0.625 0.5 0
0.6875 0.6875 0
0.5625 0.5625 0
0.812500000000206 0.9375 0
0.687500000000539 0.9375 0
0.750000000000333 0.875 0
0.562500000000998 0.9375 0
0.687500000000333 0.8125 0
0.437500000000998 0.9375 0
0.500000000000665 0.875 0
0.437500000000333 0.8125 0
0.562500000000333 0.8125 0
0.312500000000333 0.8125 0
0.375 0.75 0
0.625 0.75 0
0.312500000000665 0.9375 0
0.187500000000333 0.9375 0
0.250000000000333 0.875 0
0.5625 0.6875 0
0.4375 0.6875 0
0.5 0.625 0
0.0937499999998869 0.03125 0
0.03125 0.03125 0
0.156249999999739 0.03125 0
0.124999999999852 0.0625 0
0.218749999999556 0.03125 0
0.156249999999852 0.09375 0
0.09375 0.09375 0
0.28124999999939 0.03125 0
0.249999999999538 0.0625 0
0.28124999999952 0.09375 0
0.218749999999686 0.09375 0
0.343749999999354 0.09375 0
0.312499999999502 0.125 0
0.187499999999834 0.125 0
0.343749999999206 0.03125 0
0.406249999999022 0.03125 0
0.374999999999188 0.0625 0
0.468749999998838 0.03125 0
0.40624999999917 0.09375 0
0.218749999999834 0.15625 0
0.15625 0.15625 0
0.281249999999668 0.15625 0
0.249999999999834 0.1875 0
0.343749999999502 0.15625 0
0.281249999999834 0.21875 0
0.21875 0.21875 0
0.531249999998838 0.03125 0
0.499999999999004 0.0625 0
0.53124999999917 0.09375 0
0.46874999999917 0.09375 0
0.59374999999917 0.09375 0
0.562499999999336 0.125 0
0.437499999999336 0.125 0
0.593749999999502 0.15625 0
0.531249999999502 0.15625 0
0.499999999999668 0.1875 0
0.468749999999502 0.15625 0
0.531249999999834 0.21875 0
0.468749999999834 0.21875 0
0.406249999999502 0.15625 0
0.656249999999502 0.15625 0
0.624999999999668 0.1875 0
0.656249999999834 0.21875 0
0.593749999999834 0.21875 0
0.718749999999834 0.21875 0
0.6875 0.25 0
0.5625 0.25 0
0.374999999999668 0.1875 0
0.406249999999834 0.21875 0
0.343749999999834 0.21875 0
0.4375 0.25 0
0.3125 0.25 0
0.593749999999004 0.03125 0
0.65624999999917 0.03125 0
0.62499999999917 0.0625 0
0.718749999999336 0.03125 0
0.656249999999336 0.09375 0
0.781249999999502 0.03125 0
0.749999999999502 0.0625 0
0.781249999999668 0.09375 0
0.718749999999502 0.09375 0
0.843749999999834 0.09375 0
0.812499999999834 0.125 0
0.687499999999502 0.125 0
0.843749999999668 0.03125 0
0.906249999999834 0.03125 0
0.874999999999834 0.0625 0
0.96875 0.03125 0
0.90625 0.09375 0
0.718749999999668 0.15625 0
0.781249999999834 0.15625 0
0.749999999999834 0.1875 0
0.84375 0.15625 0
0.78125 0.21875 0
0.34375 0.28125 0
0.28125 0.28125 0
0.40625 0.28125 0
0.375 0.3125 0
0.46875 0.28125 0
0.40625 0.34375 0
0.34375 0.34375 0
0.53125 0.28125 0
0.5 0.3125 0
0.53125 0.34375 0
0.46875 0.34375 0
0.59375 0.34375 0
0.5625 0.375 0
0.4375 0.375 0
0.59375 0.28125 0
0.65625 0.28125 0
0.625 0.3125 0
0.71875 0.28125 0
0.65625 0.34375 0
0.46875 0.40625 0
0.40625 0.40625 0
0.53125 0.40625 0
0.5 0.4375 0
0.59375 0.40625 0
0.53125 0.46875 0
0.46875 0.46875 0
0.03125 0.906250000000013 0
0.03125 0.96875 0
0.03125 0.843750000000116 0
0.0625 0.875000000000103 0
0.03125 0.78125000000031 0
0.09375 0.843750000000103 0
0.09375 0.90625 0
0.03125 0.718750000000476 0
0.0625 0.750000000000373 0
0.09375 0.718750000000436 0
0.09375 0.78125000000027 0
0.09375 0.656250000000602 0
0.125 0.687500000000499 0
0.125 0.812500000000166 0
0.03125 0.656250000000745 0
0.03125 0.593750000000974 0
0.0625 0.625000000000768 0
0.03125 0.531250000001164 0
0.09375 0.593750000000832 0
0.15625 0.781250000000166 0
0.15625 0.84375 0
0.15625 0.718750000000333 0
0.1875 0.750000000000166 0
0.15625 0.656250000000499 0
0.21875 0.718750000000166 0
0.21875 0.78125 0
0.03125 0.468750000001164 0
0.0625 0.500000000000998 0
0.09375 0.468750000000832 0
0.09375 0.531250000000832 0
0.09375 0.406250000000832 0
0.125 0.437500000000665 0
0.125 0.562500000000665 0
0.15625 0.406250000000499 0
0.15625 0.468750000000499 0
0.1875 0.500000000000333 0
0.15625 0.531250000000499 0
0.21875 0.468750000000166 0
0.21875 0.531250000000166 0
0.15625 0.593750000000499 0
0.15625 0.343750000000499 0
0.1875 0.375000000000333 0
0.21875 0.343750000000166 0
0.21875 0.406250000000166 0
0.21875 0.281250000000166 0
0.25 0.3125 0
0.25 0.4375 0
0.1875 0.625000000000333 0
0.21875 0.593750000000166 0
0.21875 0.656250000000166 0
0.25 0.5625 0
0.25 0.6875 0
0.03125 0.406250000000998 0
0.03125 0.343750000000832 0
0.0625 0.375000000000832 0
0.03125 0.281250000000665 0
0.09375 0.343750000000665 0
0.03125 0.218750000000499 0
0.0625 0.250000000000499 0
0.09375 0.218750000000333 0
0.09375 0.281250000000499 0
0.09375 0.156250000000166 0
0.125 0.187500000000166 0
0.125 0.312500000000499 0
0.03125 0.156250000000333 0
0.03125 0.0937500000001663 0
0.0625 0.125000000000166 0
0.15625 0.281250000000333 0
0.15625 0.218750000000166 0
0.1875 0.250000000000166 0
0.28125 0.65625 0
0.28125 0.71875 0
0.28125 0.59375 0
0.3125 0.625 0
0.28125 0.53125 0
0.34375 0.59375 0
0.34375 0.65625 0
0.28125 0.46875 0
0.3125 0.5 0
0.34375 0.46875 0
0.34375 0.53125 0
0.34375 0.40625 0
0.375 0.4375 0
0.375 0.5625 0
0.28125 0.40625 0
0.28125 0.34375 0
0.3125 0.375 0
0.40625 0.53125 0
0.40625 0.59375 0
0.40625 0.46875 0
0.4375 0.5 0
0.46875 0.53125 0
0.96875 0.0937499999998869 0
0.96875 0.156249999999739 0
0.9375 0.124999999999852 0
0.96875 0.218749999999556 0
0.90625 0.156249999999852 0
0.96875 0.28124999999939 0
0.9375 0.249999999999538 0
0.90625 0.28124999999952 0
0.90625 0.218749999999686 0
0.90625 0.343749999999354 0
0.875 0.312499999999502 0
0.875 0.187499999999834 0
0.96875 0.343749999999206 0
0.96875 0.406249999999022 0
0.9375 0.374999999999188 0
0.96875 0.468749999998838 0
0.90625 0.40624999999917 0
0.84375 0.218749999999834 0
0.84375 0.281249999999668 0
0.8125 0.249999999999834 0
0.84375 0.343749999999502 0
0.78125 0.281249999999834 0
0.96875 0.531249999998838 0
0.9375 0.499999999999004 0
0.90625 0.53124999999917 0
0.90625 0.46874999999917 0
0.90625 0.59374999999917 0
0.875 0.562499999999336 0
0.875 0.437499999999336 0
0.84375 0.593749999999502 0
0.84375 0.531249999999502 0
0.8125 0.499999999999668 0
0.84375 0.468749999999502 0
0.78125 0.531249999999834 0
0.78125 0.468749999999834 0
0.84375 0.406249999999502 0
0.84375 0.656249999999502 0
0.8125 0.624999999999668 0
0.78125 0.656249999999834 0
0.78125 0.593749999999834 0
0.78125 0.718749999999834 0
0.75 0.6875 0
0.75 0.5625 0
0.8125 0.374999999999668 0
0.78125 0.406249999999834 0
0.78125 0.343749999999834 0
0.75 0.4375 0
0.75 0.3125 0
0.96875 0.593749999999004 0
0.96875 0.65624999999917 0
0.9375 0.62499999999917 0
0.96875 0.718749999999336 0
0.90625 0.656249999999336 0
0.96875 0.781249999999502 0
0.9375 0.749999999999502 0
0.90625 0.781249999999668 0
0.90625 0.718749999999502 0
0.90625 0.843749999999834 0
0.875 0.812499999999834 0
0.875 0.687499999999502 0
0.96875 0.843749999999668 0
0.96875 0.906249999999834 0
0.9375 0.874999999999834 0
0.96875 0.96875 0
0.90625 0.90625 0
0.84375 0.718749999999668 0
0.84375 0.781249999999834 0
0.8125 0.749999999999834 0
0.84375 0.84375 0
0.78125 0.78125 0
0.71875 0.34375 0
0.71875 0.40625 0
0.6875 0.375 0
0.71875 0.46875 0
0.65625 0.40625 0
0.71875 0.53125 0
0.6875 0.5 0
0.65625 0.53125 0
0.65625 0.46875 0
0.65625 0.59375 0
0.625 0.5625 0
0.625 0.4375 0
0.71875 0.59375 0
0.71875 0.65625 0
0.6875 0.625 0
0.71875 0.71875 0
0.65625 0.65625 0
0.59375 0.46875 0
0.59375 0.53125 0
0.5625 0.5 0
0.59375 0.59375 0
0.53125 0.53125 0
0.906250000000013 0.96875 0
0.843750000000116 0.96875 0
0.875000000000103 0.9375 0
0.78125000000031 0.96875 0
0.843750000000103 0.90625 0
0.718750000000476 0.96875 0
0.750000000000373 0.9375 0
0.718750000000436 0.90625 0
0.78125000000027 0.90625 0
0.656250000000602 0.90625 0
0.687500000000499 0.875 0
0.812500000000166 0.875 0
0.656250000000745 0.96875 0
0.593750000000974 0.96875 0
0.625000000000768 0.9375 0
0.531250000001164 0.96875 0
0.593750000000832 0.90625 0
0.781250000000166 0.84375 0
0.718750000000333 0.84375 0
0.750000000000166 0.8125 0
0.656250000000499 0.84375 0
0.718750000000166 0.78125 0
0.468750000001164 0.96875 0
0.500000000000998 0.9375 0
0.468750000000832 0.90625 0
0.531250000000832 0.90625 0
0.406250000000832 0.90625 0
0.437500000000665 0.875 0
0.562500000000665 0.875 0
0.406250000000499 0.84375 0
0.468750000000499 0.84375 0
0.500000000000333 0.8125 0
0.531250000000499 0.84375 0
0.468750000000166 0.78125 0
0.531250000000166 0.78125 0
0.593750000000499 0.84375 0
0.343750000000499 0.84375 0
0.375000000000333 0.8125 0
0.343750000000166 0.78125 0
0.406250000000166 0.78125 0
0.281250000000166 0.78125 0
0.3125 0.75 0
0.4375 0.75 0
0.625000000000333 0.8125 0
0.593750000000166 0.78125 0
0.656250000000166 0.78125 0
0.5625 0.75 0
0.6875 0.75 0
0.406250000000998 0.96875 0
0.343750000000832 0.96875 0
0.375000000000832 0.9375 0
0.281250000000665 0.96875 0
0.343750000000665 0.90625 0
0.218750000000499 0.96875 0
0.250000000000499 0.9375 0
0.218750000000333 0.90625 0
0.281250000000499 0.90625 0
0.156250000000166 0.90625 0
0.187500000000166 0.875 0
0.312500000000499 0.875 0
0.156250000000333 0.96875 0
0.0937500000001663 0.96875 0
0.125000000000166 0.9375 0
0.281250000000333 0.84375 0
0.218750000000166 0.84375 0
0.250000000000166 0.8125 0
0.65625 0.71875 0
0.59375 0.71875 0
0.625 0.6875 0
0.53125 0.71875 0
0.59375 0.65625 0
0.46875 0.71875 0
0.5 0.6875 0
0.46875 0.65625 0
0.53125 0.65625 0
0.40625 0.65625 0
0.4375 0.625 0
0.5625 0.625 0
0.40625 0.71875 0
0.34375 0.71875 0
0.375 0.6875 0
0.53125 0.59375 0
0.46875 0.59375 0
0.5 0.5625 0
0.0468749999999353 0.015625 0
0.015625 0.015625 0
0.0781249999998788 0.015625 0
0.0624999999999435 0.03125 0
0.10937499999983 0.015625 0
0.0781249999999435 0.046875 0
0.046875 0.046875 0
0.140624999999756 0.015625 0
0.124999999999813 0.03125 0
0.140624999999795 0.046875 0
0.109374999999869 0.046875 0
0.171874999999722 0.046875 0
0.156249999999778 0.0625 0
0.093749999999926 0.0625 0
0.171874999999665 0.015625 0
0.203124999999574 0.015625 0
0.187499999999648 0.03125 0
0.234374999999482 0.015625 0
0.20312499999963 0.046875 0
0.109374999999926 0.078125 0
0.078125 0.078125 0
0.140624999999852 0.078125 0
0.124999999999926 0.09375 0
0.171874999999778 0.078125 0
0.140624999999926 0.109375 0
0.109375 0.109375 0
0.265624999999399 0.015625 0
0.249999999999473 0.03125 0
0.265624999999464 0.046875 0
0.234374999999547 0.046875 0
0.296874999999381 0.046875 0
0.281249999999455 0.0625 0
0.218749999999621 0.0625 0
0.296874999999446 0.078125 0
0.265624999999529 0.078125 0
0.249999999999603 0.09375 0
0.234374999999612 0.078125 0
0.265624999999594 0.109375 0
0.234374999999677 0.109375 0
0.203124999999695 0.078125 0
0.328124999999363 0.078125 0
0.312499999999437 0.09375 0
0.328124999999428 0.109375 0
0.296874999999511 0.109375 0
0.359374999999345 0.109375 0
0.343749999999419 0.125 0
0.281249999999585 0.125 0
0.187499999999769 0.09375 0
0.20312499999976 0.109375 0
0.171874999999843 0.109375 0
0.218749999999751 0.125 0
0.156249999999917 0.125 0
0.296874999999307 0.015625 0
0.328124999999215 0.015625 0
0.312499999999298 0.03125 0
0.359374999999123 0.015625 0
0.328124999999289 0.046875 0
0.390624999999031 0.015625 0
0.374999999999114 0.03125 0
0.390624999999105 0.046875 0
0.359374999999197 0.046875 0
0.421874999999013 0.046875 0
0.406249999999096 0.0625 0
0.34374999999928 0.0625 0
0.421874999998939 0.015625 0
0.453124999998847 0.015625 0
0.43749999999893 0.03125 0
0.484374999998755 0.015625 0
0.453124999998921 0.046875 0
0.359374999999271 0.078125 0
0.390624999999179 0.078125 0
0.374999999999262 0.09375 0
0.421874999999087 0.078125 0
0.390624999999253 0.109375 0
0.171874999999917 0.140625 0
0.140625 0.140625 0
0.203124999999834 0.140625 0
0.187499999999917 0.15625 0
0.234374999999751 0.140625 0
0.203124999999917 0.171875 0
0.171875 0.171875 0
0.265624999999668 0.140625 0
0.249999999999751 0.15625 0
0.265624999999751 0.171875 0
0.234374999999834 0.171875 0
0.296874999999668 0.171875 0
0.281249999999751 0.1875 0
0.218749999999917 0.1875 0
0.296874999999585 0.140625 0
0.328124999999502 0.140625 0
0.312499999999585 0.15625 0
0.359374999999419 0.140625 0
0.328124999999585 0.171875 0
0.234374999999917 0.203125 0
0.203125 0.203125 0
0.265624999999834 0.203125 0
0.249999999999917 0.21875 0
0.296874999999751 0.203125 0
0.265624999999917 0.234375 0
0.234375 0.234375 0
0.515624999998755 0.015625 0
0.499999999998838 0.03125 0
0.515624999998921 0.046875 0
0.484374999998921 0.046875 0
0.546874999998921 0.046875 0
0.531249999999004 0.0625 0
0.468749999999004 0.0625 0
0.546874999999087 0.078125 0
0.515624999999087 0.078125 0
0.49999999999917 0.09375 0
0.484374999999087 0.078125 0
0.515624999999253 0.109375 0
0.484374999999253 0.109375 0
0.453124999999087 0.078125 0
0.578124999999087 0.078125 0
0.56249999999917 0.09375 0
0.578124999999253 0.109375 0
0.546874999999253 0.109375 0
0.609374999999253 0.109375 0
0.593749999999336 0.125 0
0.531249999999336 0.125 0
0.43749999999917 0.09375 0
0.453124999999253 0.109375 0
0.421874999999253 0.109375 0
0.468749999999336 0.125 0
0.406249999999336 0.125 0
0.609374999999419 0.140625 0
0.578124999999419 0.140625 0
0.562499999999502 0.15625 0
0.546874999999419 0.140625 0
0.578124999999585 0.171875 0
0.546874999999585 0.171875 0
0.515624999999419 0.140625 0
0.531249999999668 0.1875 0
0.515624999999585 0.171875 0
0.484374999999585 0.171875 0
0.499999999999502 0.15625 0
0.468749999999668 0.1875 0
0.453124999999585 0.171875 0
0.484374999999419 0.140625 0
0.546874999999751 0.203125 0
0.515624999999751 0.203125 0
0.499999999999834 0.21875 0
0.484374999999751 0.203125 0
0.515624999999917 0.234375 0
0.484374999999917 0.234375 0
0.453124999999751 0.203125 0
0.453124999999419 0.140625 0
0.437499999999502 0.15625 0
0.421874999999419 0.140625 0
0.421874999999585 0.171875 0
0.390624999999419 0.140625 0
0.640624999999419 0.140625 0
0.624999999999502 0.15625 0
0.640624999999585 0.171875 0
0.609374999999585 0.171875 0
0.671874999999585 0.171875 0
0.656249999999668 0.1875 0
0.593749999999668 0.1875 0
0.671874999999751 0.203125 0
0.640624999999751 0.203125 0
0.624999999999834 0.21875 0
0.609374999999751 0.203125 0
0.640624999999917 0.234375 0
0.609374999999917 0.234375 0
0.578124999999751 0.203125 0
0.703124999999751 0.203125 0
0.687499999999834 0.21875 0
0.703124999999917 0.234375 0
0.671874999999917 0.234375 0
0.734374999999917 0.234375 0
0.71875 0.25 0
0.65625 0.25 0
0.562499999999834 0.21875 0
0.578124999999917 0.234375 0
0.546874999999917 0.234375 0
0.59375 0.25 0
0.53125 0.25 0
0.374999999999502 0.15625 0
0.390624999999585 0.171875 0
0.359374999999585 0.171875 0
0.406249999999668 0.1875 0
0.343749999999668 0.1875 0
0.421874999999751 0.203125 0
0.390624999999751 0.203125 0
0.374999999999834 0.21875 0
0.359374999999751 0.203125 0
0.390624999999917 0.234375 0
0.359374999999917 0.234375 0
0.328124999999751 0.203125 0
0.437499999999834 0.21875 0
0.453124999999917 0.234375 0
0.421874999999917 0.234375 0
0.46875 0.25 0
0.40625 0.25 0
0.312499999999834 0.21875 0
0.328124999999917 0.234375 0
0.296874999999917 0.234375 0
0.34375 0.25 0
0.28125 0.25 0
0.546874999998838 0.015625 0
0.578124999998921 0.015625 0
0.562499999998921 0.03125 0
0.609374999999004 0.015625 0
0.578124999999004 0.046875 0
0.640624999999087 0.015625 0
0.624999999999087 0.03125 0
0.64062499999917 0.046875 0
0.609374999999087 0.046875 0
0.671874999999253 0.046875 0
0.656249999999253 0.0625 0
0.593749999999087 0.0625 0
0.67187499999917 0.015625 0
0.703124999999253 0.015625 0
0.687499999999253 0.03125 0
0.734374999999336 0.015625 0
0.703124999999336 0.046875 0
0.60937499999917 0.078125 0
0.640624999999253 0.078125 0
0.624999999999253 0.09375 0
0.671874999999336 0.078125 0
0.640624999999336 0.109375 0
0.765624999999419 0.015625 0
0.749999999999419 0.03125 0
0.765624999999502 0.046875 0
0.734374999999419 0.046875 0
0.796874999999585 0.046875 0
0.781249999999585 0.0625 0
0.718749999999419 0.0625 0
0.796874999999668 0.078125 0
0.765624999999585 0.078125 0
0.749999999999585 0.09375 0
0.734374999999502 0.078125 0
0.765624999999668 0.109375 0
0.734374999999585 0.109375 0
0.703124999999419 0.078125 0
0.828124999999751 0.078125 0
0.812499999999751 0.09375 0
0.828124999999834 0.109375 0
0.796874999999751 0.109375 0
0.859374999999917 0.109375 0
0.843749999999917 0.125 0
0.781249999999751 0.125 0
0.687499999999419 0.09375 0
0.703124999999502 0.109375 0
0.671874999999419 0.109375 0
0.718749999999585 0.125 0
0.656249999999419 0.125 0
0.796874999999502 0.015625 0
0.828124999999585 0.015625 0
0.812499999999585 0.03125 0
0.859374999999668 0.015625 0
0.828124999999668 0.046875 0
0.890624999999751 0.015625 0
0.874999999999751 0.03125 0
0.890624999999834 0.046875 0
0.859374999999751 0.046875 0
0.921874999999917 0.046875 0
0.906249999999917 0.0625 0
0.843749999999751 0.0625 0
0.921874999999834 0.015625 0
0.953124999999917 0.015625 0
0.937499999999917 0.03125 0
0.984375 0.015625 0
0.953125 0.046875 0
0.859374999999834 0.078125 0
0.890624999999917 0.078125 0
0.874999999999917 0.09375 0
0.921875 0.078125 0
0.890625 0.109375 0
0.671874999999502 0.140625 0
0.703124999999585 0.140625 0
0.687499999999585 0.15625 0
0.734374999999668 0.140625 0
0.703124999999668 0.171875 0
0.765624999999751 0.140625 0
0.749999999999751 0.15625 0
0.765624999999834 0.171875 0
0.734374999999751 0.171875 0
0.796874999999917 0.171875 0
0.781249999999917 0.1875 0
0.718749999999751 0.1875 0
0.796874999999834 0.140625 0
0.828124999999917 0.140625 0
0.812499999999917 0.15625 0
0.859375 0.140625 0
0.828125 0.171875 0
0.734374999999834 0.203125 0
0.765624999999917 0.203125 0
0.749999999999917 0.21875 0
0.796875 0.203125 0
0.765625 0.234375 0
0.296875 0.265625 0
0.265625 0.265625 0
0.328125 0.265625 0
0.3125 0.28125 0
0.359375 0.265625 0
0.328125 0.296875 0
0.296875 0.296875 0
0.390625 0.265625 0
0.375 0.28125 0
0.390625 0.296875 0
0.359375 0.296875 0
0.421875 0.296875 0
0.40625 0.3125 0
0.34375 0.3125 0
0.421875 0.265625 0
0.453125 0.265625 0
0.4375 0.28125 0
0.484375 0.265625 0
0.453125 0.296875 0
0.359375 0.328125 0
0.328125 0.328125 0
0.390625 0.328125 0
0.375 0.34375 0
0.421875 0.328125 0
0.390625 0.359375 0
0.359375 0.359375 0
0.515625 0.265625 0
0.5 0.28125 0
0.515625 0.296875 0
0.484375 0.296875 0
0.546875 0.296875 0
0.53125 0.3125 0
0.46875 0.3125 0
0.546875 0.328125 0
0.515625 0.328125 0
0.5 0.34375 0
0.484375 0.328125 0
0.515625 0.359375 0
0.484375 0.359375 0
0.453125 0.328125 0
0.578125 0.328125 0
0.5625 0.34375 0
0.578125 0.359375 0
0.546875 0.359375 0
0.609375 0.359375 0
0.59375 0.375 0
0.53125 0.375 0
0.4375 0.34375 0
0.453125 0.359375 0
0.421875 0.359375 0
0.46875 0.375 0
0.40625 0.375 0
0.546875 0.265625 0
0.578125 0.265625 0
0.5625 0.28125 0
0.609375 0.265625 0
0.578125 0.296875 0
0.640625 0.265625 0
0.625 0.28125 0
0.640625 0.296875 0
0.609375 0.296875 0
0.671875 0.296875 0
0.65625 0.3125 0
0.59375 0.3125 0
0.671875 0.265625 0
0.703125 0.265625 0
0.6875 0.28125 0
0.734375 0.265625 0
0.703125 0.296875 0
0.609375 0.328125 0
0.640625 0.328125 0
0.625 0.34375 0
0.671875 0.328125 0
0.640625 0.359375 0
0.421875 0.390625 0
0.390625 0.390625 0
0.453125 0.390625 0
0.4375 0.40625 0
0.484375 0.390625 0
0.453125 0.421875 0
0.421875 0.421875 0
0.515625 0.390625 0
0.5 0.40625 0
0.515625 0.421875 0
0.484375 0.421875 0
0.546875 0.421875 0
0.53125 0.4375 0
0.46875 0.4375 0
0.546875 0.390625 0
0.578125 0.390625 0
0.5625 0.40625 0
0.609375 0.390625 0
0.578125 0.421875 0
0.484375 0.453125 0
0.453125 0.453125 0
0.515625 0.453125 0
0.5 0.46875 0
0.546875 0.453125 0
0.515625 0.484375 0
0.484375 0.484375 0
0.015625 0.953125000000016 0
0.015625 0.984375 0
0.015625 0.921875000000022 0
0.03125 0.937500000000006 0
0.015625 0.890625000000019 0
0.046875 0.921875000000006 0
0.046875 0.953125 0
0.015625 0.859375000000071 0
0.03125 0.875000000000064 0
0.046875 0.85937500000011 0
0.046875 0.890625000000058 0
0.046875 0.828125000000161 0
0.0625 0.843750000000155 0
0.0625 0.906250000000052 0
0.015625 0.828125000000187 0
0.015625 0.796875000000284 0
0.03125 0.812500000000213 0
0.015625 0.765625000000361 0
0.046875 0.796875000000258 0
0.078125 0.890625000000052 0
0.078125 0.921875 0
0.078125 0.859375000000103 0
0.09375 0.875000000000052 0
0.078125 0.828125000000155 0
0.109375 0.859375000000052 0
0.109375 0.890625 0
0.015625 0.734375000000444 0
0.03125 0.750000000000393 0
0.046875 0.734375000000424 0
0.046875 0.765625000000341 0
0.046875 0.703125000000507 0
0.0625 0.718750000000456 0
0.0625 0.78125000000029 0
0.078125 0.703125000000487 0
0.078125 0.734375000000404 0
0.09375 0.750000000000353 0
0.078125 0.765625000000321 0
0.109375 0.734375000000384 0
0.109375 0.765625000000301 0
0.078125 0.796875000000238 0
0.078125 0.671875000000571 0
0.09375 0.687500000000519 0
0.109375 0.671875000000551 0
0.109375 0.703125000000467 0
0.109375 0.640625000000634 0
0.125 0.656250000000582 0
0.125 0.718750000000416 0
0.09375 0.812500000000186 0
0.109375 0.796875000000218 0
0.109375 0.828125000000135 0
0.125 0.781250000000249 0
0.125 0.843750000000083 0
0.015625 0.70312500000059 0
0.015625 0.671875000000725 0
0.03125 0.68750000000061 0
0.015625 0.640625000000848 0
0.046875 0.671875000000642 0
0.015625 0.609375000000963 0
0.03125 0.62500000000086 0
0.046875 0.609375000000871 0
0.046875 0.640625000000757 0
0.046875 0.578125000000986 0
0.0625 0.593750000000883 0
0.0625 0.656250000000654 0
0.015625 0.578125000001036 0
0.015625 0.546875000001131 0
0.03125 0.562500000001069 0
0.015625 0.515625000001247 0
0.046875 0.546875000001081 0
0.078125 0.640625000000685 0
0.078125 0.6093750000008 0
0.09375 0.625000000000717 0
0.078125 0.578125000000915 0
0.109375 0.609375000000748 0
0.140625 0.828125000000083 0
0.140625 0.859375 0
0.140625 0.796875000000166 0
0.15625 0.812500000000083 0
0.140625 0.765625000000249 0
0.171875 0.796875000000083 0
0.171875 0.828125 0
0.140625 0.734375000000333 0
0.15625 0.750000000000249 0
0.171875 0.734375000000249 0
0.171875 0.765625000000166 0
0.171875 0.703125000000333 0
0.1875 0.718750000000249 0
0.1875 0.781250000000083 0
0.140625 0.703125000000416 0
0.140625 0.671875000000499 0
0.15625 0.687500000000416 0
0.140625 0.640625000000582 0
0.171875 0.671875000000416 0
0.203125 0.765625000000083 0
0.203125 0.796875 0
0.203125 0.734375000000166 0
0.21875 0.750000000000083 0
0.203125 0.703125000000249 0
0.234375 0.734375000000083 0
0.234375 0.765625 0
0.015625 0.484375000001247 0
0.03125 0.500000000001164 0
0.046875 0.484375000001081 0
0.046875 0.515625000001081 0
0.046875 0.453125000001081 0
0.0625 0.468750000000998 0
0.0625 0.531250000000998 0
0.078125 0.453125000000915 0
0.078125 0.484375000000915 0
0.09375 0.500000000000832 0
0.078125 0.515625000000915 0
0.109375 0.484375000000748 0
0.109375 0.515625000000748 0
0.078125 0.546875000000915 0
0.078125 0.421875000000915 0
0.09375 0.437500000000832 0
0.109375 0.421875000000748 0
0.109375 0.453125000000748 0
0.109375 0.390625000000748 0
0.125 0.406250000000665 0
0.125 0.468750000000665 0
0.09375 0.562500000000832 0
0.109375 0.546875000000748 0
0.109375 0.578125000000748 0
0.125 0.531250000000665 0
0.125 0.593750000000665 0
0.140625 0.390625000000582 0
0.140625 0.421875000000582 0
0.15625 0.437500000000499 0
0.140625 0.453125000000582 0
0.171875 0.421875000000416 0
0.171875 0.453125000000416 0
0.140625 0.484375000000582 0
0.1875 0.468750000000333 0
0.171875 0.484375000000416 0
0.171875 0.515625000000416 0
0.15625 0.500000000000499 0
0.1875 0.531250000000333 0
0.171875 0.546875000000416 0
0.140625 0.515625000000582 0
0.203125 0.45312500000025 0
0.203125 0.48437500000025 0
0.21875 0.500000000000166 0
0.203125 0.515625000000249 0
0.234375 0.484375000000083 0
0.234375 0.515625000000083 0
0.203125 0.546875000000249 0
0.140625 0.546875000000582 0
0.15625 0.562500000000499 0
0.140625 0.578125000000582 0
0.171875 0.578125000000416 0
0.140625 0.609375000000582 0
0.140625 0.359375000000582 0
0.15625 0.375000000000499 0
0.171875 0.359375000000416 0
0.171875 0.390625000000416 0
0.171875 0.328125000000416 0
0.1875 0.343750000000333 0
0.1875 0.406250000000333 0
0.203125 0.32812500000025 0
0.203125 0.35937500000025 0
0.21875 0.375000000000166 0
0.203125 0.39062500000025 0
0.234375 0.359375000000083 0
0.234375 0.390625000000083 0
0.203125 0.42187500000025 0
0.203125 0.29687500000025 0
0.21875 0.312500000000166 0
0.234375 0.296875000000083 0
0.234375 0.328125000000083 0
0.234375 0.265625000000083 0
0.25 0.28125 0
0.25 0.34375 0
0.21875 0.437500000000166 0
0.234375 0.421875000000083 0
0.234375 0.453125000000083 0
0.25 0.40625 0
0.25 0.46875 0
0.15625 0.625000000000499 0
0.171875 0.609375000000416 0
0.171875 0.640625000000416 0
0.1875 0.593750000000333 0
0.1875 0.656250000000333 0
0.203125 0.578125000000249 0
0.203125 0.609375000000249 0
0.21875 0.625000000000166 0
0.203125 0.640625000000249 0
0.234375 0.609375000000083 0
0.234375 0.640625000000083 0
0.203125 0.671875000000249 0
0.21875 0.562500000000166 0
0.234375 0.546875000000083 0
0.234375 0.578125000000083 0
0.25 0.53125 0
0.25 0.59375 0
0.21875 0.687500000000166 0
0.234375 0.671875000000083 0
0.234375 0.703125000000083 0
0.25 0.65625 0
0.25 0.71875 0
0.015625 0.453125000001164 0
0.015625 0.421875000001081 0
0.03125 0.437500000001081 0
0.015625 0.390625000000998 0
0.046875 0.421875000000998 0
0.015625 0.359375000000915 0
0.03125 0.375000000000915 0
0.046875 0.359375000000832 0
0.046875 0.390625000000915 0
0.046875 0.328125000000748 0
0.0625 0.343750000000748 0
0.0625 0.406250000000915 0
0.015625 0.328125000000832 0
0.015625 0.296875000000748 0
0.03125 0.312500000000748 0
0.015625 0.265625000000665 0
0.046875 0.296875000000665 0
0.078125 0.390625000000832 0
0.078125 0.359375000000748 0
0.09375 0.375000000000748 0
0.078125 0.328125000000665 0
0.109375 0.359375000000665 0
0.015625 0.234375000000582 0
0.03125 0.250000000000582 0
0.046875 0.234375000000499 0
0.046875 0.265625000000582 0
0.046875 0.203125000000416 0
0.0625 0.218750000000416 0
0.0625 0.281250000000582 0
0.078125 0.203125000000333 0
0.078125 0.234375000000416 0
0.09375 0.250000000000416 0
0.078125 0.265625000000499 0
0.109375 0.234375000000333 0
0.109375 0.265625000000416 0
0.078125 0.296875000000582 0
0.078125 0.171875000000249 0
0.09375 0.187500000000249 0
0.109375 0.171875000000166 0
0.109375 0.203125000000249 0
0.109375 0.140625000000083 0
0.125 0.156250000000083 0
0.125 0.218750000000249 0
0.09375 0.312500000000582 0
0.109375 0.296875000000499 0
0.109375 0.328125000000582 0
0.125 0.281250000000416 0
0.125 0.343750000000582 0
0.015625 0.203125000000499 0
0.015625 0.171875000000416 0
0.03125 0.187500000000416 0
0.015625 0.140625000000333 0
0.046875 0.171875000000333 0
0.015625 0.109375000000249 0
0.03125 0.125000000000249 0
0.046875 0.109375000000166 0
0.046875 0.140625000000249 0
0.046875 0.0781250000000832 0
0.0625 0.0937500000000832 0
0.0625 0.156250000000249 0
0.015625 0.0781250000001663 0
0.015625 0.0468750000000832 0
0.03125 0.0625000000000832 0
0.078125 0.140625000000166 0
0.078125 0.109375000000083 0
0.09375 0.125000000000083 0
0.140625 0.328125000000499 0
0.140625 0.296875000000416 0
0.15625 0.312500000000416 0
0.140625 0.265625000000333 0
0.171875 0.296875000000333 0
0.140625 0.234375000000249 0
0.15625 0.25000000000025 0
0.171875 0.234375000000166 0
0.171875 0.26562500000025 0
0.171875 0.203125000000083 0
0.1875 0.218750000000083 0
0.1875 0.28125000000025 0
0.140625 0.203125000000166 0
0.140625 0.171875000000083 0
0.15625 0.187500000000083 0
0.203125 0.265625000000166 0
0.203125 0.234375000000083 0
0.21875 0.250000000000083 0
0.265625 0.703125 0
0.265625 0.734375 0
0.265625 0.671875 0
0.28125 0.6875 0
0.265625 0.640625 0
0.296875 0.671875 0
0.296875 0.703125 0
0.265625 0.609375 0
0.28125 0.625 0
0.296875 0.609375 0
0.296875 0.640625 0
0.296875 0.578125 0
0.3125 0.59375 0
0.3125 0.65625 0
0.265625 0.578125 0
0.265625 0.546875 0
0.28125 0.5625 0
0.265625 0.515625 0
0.296875 0.546875 0
0.328125 0.640625 0
0.328125 0.671875 0
0.328125 0.609375 0
0.34375 0.625 0
0.328125 0.578125 0
0.359375 0.609375 0
0.359375 0.640625 0
0.265625 0.484375 0
0.28125 0.5 0
0.296875 0.484375 0
0.296875 0.515625 0
0.296875 0.453125 0
0.3125 0.46875 0
0.3125 0.53125 0
0.328125 0.453125 0
0.328125 0.484375 0
0.34375 0.5 0
0.328125 0.515625 0
0.359375 0.484375 0
0.359375 0.515625 0
0.328125 0.546875 0
0.328125 0.421875 0
0.34375 0.4375 0
0.359375 0.421875 0
0.359375 0.453125 0
0.359375 0.390625 0
0.375 0.40625 0
0.375 0.46875 0
0.34375 0.5625 0
0.359375 0.546875 0
0.359375 0.578125 0
0.375 0.53125 0
0.375 0.59375 0
0.265625 0.453125 0
0.265625 0.421875 0
0.28125 0.4375 0
0.265625 0.390625 0
0.296875 0.421875 0
0.265625 0.359375 0
0.28125 0.375 0
0.296875 0.359375 0
0.296875 0.390625 0
0.296875 0.328125 0
0.3125 0.34375 0
0.3125 0.40625 0
0.265625 0.328125 0
0.265625 0.296875 0
0.28125 0.3125 0
0.328125 0.390625 0
0.328125 0.359375 0
0.34375 0.375 0
0.390625 0.578125 0
0.390625 0.609375 0
0.390625 0.546875 0
0.40625 0.5625 0
0.390625 0.515625 0
0.421875 0.546875 0
0.421875 0.578125 0
0.390625 0.484375 0
0.40625 0.5 0
0.421875 0.484375 0
0.421875 0.515625 0
0.421875 0.453125 0
0.4375 0.46875 0
0.4375 0.53125 0
0.390625 0.453125 0
0.390625 0.421875 0
0.40625 0.4375 0
0.453125 0.515625 0
0.453125 0.546875 0
0.453125 0.484375 0
0.46875 0.5 0
0.484375 0.515625 0
0.984375 0.0468749999999353 0
0.984375 0.0781249999998788 0
0.96875 0.0624999999999435 0
0.984375 0.10937499999983 0
0.953125 0.0781249999999435 0
0.984375 0.140624999999756 0
0.96875 0.124999999999813 0
0.953125 0.140624999999795 0
0.953125 0.109374999999869 0
0.953125 0.171874999999722 0
0.9375 0.156249999999778 0
0.9375 0.093749999999926 0
0.984375 0.171874999999665 0
0.984375 0.203124999999574 0
0.96875 0.187499999999648 0
0.984375 0.234374999999482 0
0.953125 0.20312499999963 0
0.921875 0.109374999999926 0
0.921875 0.140624999999852 0
0.90625 0.124999999999926 0
0.921875 0.171874999999778 0
0.890625 0.140624999999926 0
0.984375 0.265624999999399 0
0.96875 0.249999999999473 0
0.953125 0.265624999999464 0
0.953125 0.234374999999547 0
0.953125 0.296874999999381 0
0.9375 0.281249999999455 0
0.9375 0.218749999999621 0
0.921875 0.296874999999446 0
0.921875 0.265624999999529 0
0.90625 0.249999999999603 0
0.921875 0.234374999999612 0
0.890625 0.265624999999594 0
0.890625 0.234374999999677 0
0.921875 0.203124999999695 0
0.921875 0.328124999999363 0
0.90625 0.312499999999437 0
0.890625 0.328124999999428 0
0.890625 0.296874999999511 0
0.890625 0.359374999999345 0
0.875 0.343749999999419 0
0.875 0.281249999999585 0
0.90625 0.187499999999769 0
0.890625 0.20312499999976 0
0.890625 0.171874999999843 0
0.875 0.218749999999751 0
0.875 0.156249999999917 0
0.984375 0.296874999999307 0
0.984375 0.328124999999215 0
0.96875 0.312499999999298 0
0.984375 0.359374999999123 0
0.953125 0.328124999999289 0
0.984375 0.390624999999031 0
0.96875 0.374999999999114 0
0.953125 0.390624999999105 0
0.953125 0.359374999999197 0
0.953125 0.421874999999013 0
0.9375 0.406249999999096 0
0.9375 0.34374999999928 0
0.984375 0.421874999998939 0
0.984375 0.453124999998847 0
0.96875 0.43749999999893 0
0.984375 0.484374999998755 0
0.953125 0.453124999998921 0
0.921875 0.359374999999271 0
0.921875 0.390624999999179 0
0.90625 0.374999999999262 0
0.921875 0.421874999999087 0
0.890625 0.390624999999253 0
0.859375 0.171874999999917 0
0.859375 0.203124999999834 0
0.84375 0.187499999999917 0
0.859375 0.234374999999751 0
0.828125 0.203124999999917 0
0.859375 0.265624999999668 0
0.84375 0.249999999999751 0
0.828125 0.265624999999751 0
0.828125 0.234374999999834 0
0.828125 0.296874999999668 0
0.8125 0.281249999999751 0
0.8125 0.218749999999917 0
0.859375 0.296874999999585 0
0.859375 0.328124999999502 0
0.84375 0.312499999999585 0
0.859375 0.359374999999419 0
0.828125 0.328124999999585 0
0.796875 0.234374999999917 0
0.796875 0.265624999999834 0
0.78125 0.249999999999917 0
0.796875 0.296874999999751 0
0.765625 0.265624999999917 0
0.984375 0.515624999998755 0
0.96875 0.499999999998838 0
0.953125 0.515624999998921 0
0.953125 0.484374999998921 0
0.953125 0.546874999998921 0
0.9375 0.531249999999004 0
0.9375 0.468749999999004 0
0.921875 0.546874999999087 0
0.921875 0.515624999999087 0
0.90625 0.49999999999917 0
0.921875 0.484374999999087 0
0.890625 0.515624999999253 0
0.890625 0.484374999999253 0
0.921875 0.453124999999087 0
0.921875 0.578124999999087 0
0.90625 0.56249999999917 0
0.890625 0.578124999999253 0
0.890625 0.546874999999253 0
0.890625 0.609374999999253 0
0.875 0.593749999999336 0
0.875 0.531249999999336 0
0.90625 0.43749999999917 0
0.890625 0.453124999999253 0
0.890625 0.421874999999253 0
0.875 0.468749999999336 0
0.875 0.406249999999336 0
0.859375 0.609374999999419 0
0.859375 0.578124999999419 0
0.84375 0.562499999999502 0
0.859375 0.546874999999419 0
0.828125 0.578124999999585 0
0.828125 0.546874999999585 0
0.859375 0.515624999999419 0
0.8125 0.531249999999668 0
0.828125 0.515624999999585 0
0.828125 0.484374999999585 0
0.84375 0.499999999999502 0
0.8125 0.468749999999668 0
0.828125 0.453124999999585 0
0.859375 0.484374999999419 0
0.796875 0.546874999999751 0
0.796875 0.515624999999751 0
0.78125 0.499999999999834 0
0.796875 0.484374999999751 0
0.765625 0.515624999999917 0
0.765625 0.484374999999917 0
0.796875 0.453124999999751 0
0.859375 0.453124999999419 0
0.84375 0.437499999999502 0
0.859375 0.421874999999419 0
0.828125 0.421874999999585 0
0.859375 0.390624999999419 0
0.859375 0.640624999999419 0
0.84375 0.624999999999502 0
0.828125 0.640624999999585 0
0.828125 0.609374999999585 0
0.828125 0.671874999999585 0
0.8125 0.656249999999668 0
0.8125 0.593749999999668 0
0.796875 0.671874999999751 0
0.796875 0.640624999999751 0
0.78125 0.624999999999834 0
0.796875 0.609374999999751 0
0.765625 0.640624999999917 0
0.765625 0.609374999999917 0
0.796875 0.578124999999751 0
0.796875 0.703124999999751 0
0.78125 0.687499999999834 0
0.765625 0.703124999999917 0
0.765625 0.671874999999917 0
0.765625 0.734374999999917 0
0.75 0.71875 0
0.75 0.65625 0
0.78125 0.562499999999834 0
0.765625 0.578124999999917 0
0.765625 0.546874999999917 0
0.75 0.59375 0
0.75 0.53125 0
0.84375 0.374999999999502 0
0.828125 0.390624999999585 0
0.828125 0.359374999999585 0
0.8125 0.406249999999668 0
0.8125 0.343749999999668 0
0.796875 0.421874999999751 0
0.796875 0.390624999999751 0
0.78125 0.374999999999834 0
0.796875 0.359374999999751 0
0.765625 0.390624999999917 0
0.765625 0.359374999999917 0
0.796875 0.328124999999751 0
0.78125 0.437499999999834 0
0.765625 0.453124999999917 0
0.765625 0.421874999999917 0
0.75 0.46875 0
0.75 0.40625 0
0.78125 0.312499999999834 0
0.765625 0.328124999999917 0
0.765625 0.296874999999917 0
0.75 0.34375 0
0.75 0.28125 0
0.984375 0.546874999998838 0
0.984375 0.578124999998921 0
0.96875 0.562499999998921 0
0.984375 0.609374999999004 0
0.953125 0.578124999999004 0
0.984375 0.640624999999087 0
0.96875 0.624999999999087 0
0.953125 0.64062499999917 0
0.953125 0.609374999999087 0
0.953125 0.671874999999253 0
0.9375 0.656249999999253 0
0.9375 0.593749999999087 0
0.984375 0.67187499999917 0
0.984375 0.703124999999253 0
0.96875 0.687499999999253 0
0.984375 0.734374999999336 0
0.953125 0.703124999999336 0
0.921875 0.60937499999917 0
0.921875 0.640624999999253 0
0.90625 0.624999999999253 0
0.921875 0.671874999999336 0
0.890625 0.640624999999336 0
0.984375 0.765624999999419 0
0.96875 0.749999999999419 0
0.953125 0.765624999999502 0
0.953125 0.734374999999419 0
0.953125 0.796874999999585 0
0.9375 0.781249999999585 0
0.9375 0.718749999999419 0
0.921875 0.796874999999668 0
0.921875 0.765624999999585 0
0.90625 0.749999999999585 0
0.921875 0.734374999999502 0
0.890625 0.765624999999668 0
0.890625 0.734374999999585 0
0.921875 0.703124999999419 0
0.921875 0.828124999999751 0
0.90625 0.812499999999751 0
0.890625 0.828124999999834 0
0.890625 0.796874999999751 0
0.890625 0.859374999999917 0
0.875 0.843749999999917 0
0.875 0.781249999999751 0
0.90625 0.687499999999419 0
0.890625 0.703124999999502 0
0.890625 0.671874999999419 0
0.875 0.718749999999585 0
0.875 0.656249999999419 0
0.984375 0.796874999999502 0
0.984375 0.828124999999585 0
0.96875 0.812499999999585 0
0.984375 0.859374999999668 0
0.953125 0.828124999999668 0
0.984375 0.890624999999751 0
0.96875 0.874999999999751 0
0.953125 0.890624999999834 0
0.953125 0.859374999999751 0
0.953125 0.921874999999917 0
0.9375 0.906249999999917 0
0.9375 0.843749999999751 0
0.984375 0.921874999999834 0
0.984375 0.953124999999917 0
0.96875 0.937499999999917 0
0.984375 0.984375 0
0.953125 0.953125 0
0.921875 0.859374999999834 0
0.921875 0.890624999999917 0
0.90625 0.874999999999917 0
0.921875 0.921875 0
0.890625 0.890625 0
0.859375 0.671874999999502 0
0.859375 0.703124999999585 0
0.84375 0.687499999999585 0
0.859375 0.734374999999668 0
0.828125 0.703124999999668 0
0.859375 0.765624999999751 0
0.84375 0.749999999999751 0
0.828125 0.765624999999834 0
0.828125 0.734374999999751 0
0.828125 0.796874999999917 0
0.8125 0.781249999999917 0
0.8125 0.718749999999751 0
0.859375 0.796874999999834 0
0.859375 0.828124999999917 0
0.84375 0.812499999999917 0
0.859375 0.859375 0
0.828125 0.828125 0
0.796875 0.734374999999834 0
0.796875 0.765624999999917 0
0.78125 0.749999999999917 0
0.796875 0.796875 0
0.765625 0.765625 0
0.734375 0.296875 0
0.734375 0.328125 0
0.71875 0.3125 0
0.734375 0.359375 0
0.703125 0.328125 0
0.734375 0.390625 0
0.71875 0.375 0
0.703125 0.390625 0
0.703125 0.359375 0
0.703125 0.421875 0
0.6875 0.40625 0
0.6875 0.34375 0
0.734375 0.421875 0
0.734375 0.453125 0
0.71875 0.4375 0
0.734375 0.484375 0
0.703125 0.453125 0
0.671875 0.359375 0
0.671875 0.390625 0
0.65625 0.375 0
0.671875 0.421875 0
0.640625 0.390625 0
0.734375 0.515625 0
0.71875 0.5 0
0.703125 0.515625 0
0.703125 0.484375 0
0.703125 0.546875 0
0.6875 0.53125 0
0.6875 0.46875 0
0.671875 0.546875 0
0.671875 0.515625 0
0.65625 0.5 0
0.671875 0.484375 0
0.640625 0.515625 0
0.640625 0.484375 0
0.671875 0.453125 0
0.671875 0.578125 0
0.65625 0.5625 0
0.640625 0.578125 0
0.640625 0.546875 0
0.640625 0.609375 0
0.625 0.59375 0
0.625 0.53125 0
0.65625 0.4375 0
0.640625 0.453125 0
0.640625 0.421875 0
0.625 0.46875 0
0.625 0.40625 0
0.734375 0.546875 0
0.734375 0.578125 0
0.71875 0.5625 0
0.734375 0.609375 0
0.703125 0.578125 0
0.734375 0.640625 0
0.71875 0.625 0
0.703125 0.640625 0
0.703125 0.609375 0
0.703125 0.671875 0
0.6875 0.65625 0
0.6875 0.59375 0
0.734375 0.671875 0
0.734375 0.703125 0
0.71875 0.6875 0
0.734375 0.734375 0
0.703125 0.703125 0
0.671875 0.609375 0
0.671875 0.640625 0
0.65625 0.625 0
0.671875 0.671875 0
0.640625 0.640625 0
0.609375 0.421875 0
0.609375 0.453125 0
0.59375 0.4375 0
0.609375 0.484375 0
0.578125 0.453125 0
0.609375 0.515625 0
0.59375 0.5 0
0.578125 0.515625 0
0.578125 0.484375 0
0.578125 0.546875 0
0.5625 0.53125 0
0.5625 0.46875 0
0.609375 0.546875 0
0.609375 0.578125 0
0.59375 0.5625 0
0.609375 0.609375 0
0.578125 0.578125 0
0.546875 0.484375 0
0.546875 0.515625 0
0.53125 0.5 0
0.546875 0.546875 0
0.515625 0.515625 0
0.953125000000016 0.984375 0
0.921875000000022 0.984375 0
0.937500000000006 0.96875 0
0.890625000000019 0.984375 0
0.921875000000006 0.953125 0
0.859375000000071 0.984375 0
0.875000000000064 0.96875 0
0.85937500000011 0.953125 0
0.890625000000058 0.953125 0
0.828125000000161 0.953125 0
0.843750000000155 0.9375 0
0.906250000000052 0.9375 0
0.828125000000187 0.984375 0
0.796875000000284 0.984375 0
0.812500000000213 0.96875 0
0.765625000000361 0.984375 0
0.796875000000258 0.953125 0
0.890625000000052 0.921875 0
0.859375000000103 0.921875 0
0.875000000000052 0.90625 0
0.828125000000155 0.921875 0
0.859375000000052 0.890625 0
0.734375000000444 0.984375 0
0.750000000000393 0.96875 0
0.734375000000424 0.953125 0
0.765625000000341 0.953125 0
0.703125000000507 0.953125 0
0.718750000000456 0.9375 0
0.78125000000029 0.9375 0
0.703125000000487 0.921875 0
0.734375000000404 0.921875 0
0.750000000000353 0.90625 0
0.765625000000321 0.921875 0
0.734375000000384 0.890625 0
0.765625000000301 0.890625 0
0.796875000000238 0.921875 0
0.671875000000571 0.921875 0
0.687500000000519 0.90625 0
0.671875000000551 0.890625 0
0.703125000000467 0.890625 0
0.640625000000634 0.890625 0
0.656250000000582 0.875 0
0.718750000000416 0.875 0
0.812500000000186 0.90625 0
0.796875000000218 0.890625 0
0.828125000000135 0.890625 0
0.781250000000249 0.875 0
0.843750000000083 0.875 0
0.70312500000059 0.984375 0
0.671875000000725 0.984375 0
0.68750000000061 0.96875 0
0.640625000000848 0.984375 0
0.671875000000642 0.953125 0
0.609375000000963 0.984375 0
0.62500000000086 0.96875 0
0.609375000000871 0.953125 0
0.640625000000757 0.953125 0
0.578125000000986 0.953125 0
0.593750000000883 0.9375 0
0.656250000000654 0.9375 0
0.578125000001036 0.984375 0
0.546875000001131 0.984375 0
0.562500000001069 0.96875 0
0.515625000001247 0.984375 0
0.546875000001081 0.953125 0
0.640625000000685 0.921875 0
0.6093750000008 0.921875 0
0.625000000000717 0.90625 0
0.578125000000915 0.921875 0
0.609375000000748 0.890625 0
0.828125000000083 0.859375 0
0.796875000000166 0.859375 0
0.812500000000083 0.84375 0
0.765625000000249 0.859375 0
0.796875000000083 0.828125 0
0.734375000000333 0.859375 0
0.750000000000249 0.84375 0
0.734375000000249 0.828125 0
0.765625000000166 0.828125 0
0.703125000000333 0.828125 0
0.718750000000249 0.8125 0
0.781250000000083 0.8125 0
0.703125000000416 0.859375 0
0.671875000000499 0.859375 0
0.687500000000416 0.84375 0
0.640625000000582 0.859375 0
0.671875000000416 0.828125 0
0.765625000000083 0.796875 0
0.734375000000166 0.796875 0
0.750000000000083 0.78125 0
0.703125000000249 0.796875 0
0.734375000000083 0.765625 0
0.484375000001247 0.984375 0
0.500000000001164 0.96875 0
0.484375000001081 0.953125 0
0.515625000001081 0.953125 0
0.453125000001081 0.953125 0
0.468750000000998 0.9375 0
0.531250000000998 0.9375 0
0.453125000000915 0.921875 0
0.484375000000915 0.921875 0
0.500000000000832 0.90625 0
0.515625000000915 0.921875 0
0.484375000000748 0.890625 0
0.515625000000748 0.890625 0
0.546875000000915 0.921875 0
0.421875000000915 0.921875 0
0.437500000000832 0.90625 0
0.421875000000748 0.890625 0
0.453125000000748 0.890625 0
0.390625000000748 0.890625 0
0.406250000000665 0.875 0
0.468750000000665 0.875 0
0.562500000000832 0.90625 0
0.546875000000748 0.890625 0
0.578125000000748 0.890625 0
0.531250000000665 0.875 0
0.593750000000665 0.875 0
0.390625000000582 0.859375 0
0.421875000000582 0.859375 0
0.437500000000499 0.84375 0
0.453125000000582 0.859375 0
0.421875000000416 0.828125 0
0.453125000000416 0.828125 0
0.484375000000582 0.859375 0
0.468750000000333 0.8125 0
0.484375000000416 0.828125 0
0.515625000000416 0.828125 0
0.500000000000499 0.84375 0
0.531250000000333 0.8125 0
0.546875000000416 0.828125 0
0.515625000000582 0.859375 0
0.45312500000025 0.796875 0
0.48437500000025 0.796875 0
0.500000000000166 0.78125 0
0.515625000000249 0.796875 0
0.484375000000083 0.765625 0
0.515625000000083 0.765625 0
0.546875000000249 0.796875 0
0.546875000000582 0.859375 0
0.562500000000499 0.84375 0
0.578125000000582 0.859375 0
0.578125000000416 0.828125 0
0.609375000000582 0.859375 0
0.359375000000582 0.859375 0
0.375000000000499 0.84375 0
0.359375000000416 0.828125 0
0.390625000000416 0.828125 0
0.328125000000416 0.828125 0
0.343750000000333 0.8125 0
0.406250000000333 0.8125 0
0.32812500000025 0.796875 0
0.35937500000025 0.796875 0
0.375000000000166 0.78125 0
0.39062500000025 0.796875 0
0.359375000000083 0.765625 0
0.390625000000083 0.765625 0
0.42187500000025 0.796875 0
0.29687500000025 0.796875 0
0.312500000000166 0.78125 0
0.296875000000083 0.765625 0
0.328125000000083 0.765625 0
0.265625000000083 0.765625 0
0.28125 0.75 0
0.34375 0.75 0
0.437500000000166 0.78125 0
0.421875000000083 0.765625 0
0.453125000000083 0.765625 0
0.40625 0.75 0
0.46875 0.75 0
0.625000000000499 0.84375 0
0.609375000000416 0.828125 0
0.640625000000416 0.828125 0
0.593750000000333 0.8125 0
0.656250000000333 0.8125 0
0.578125000000249 0.796875 0
0.609375000000249 0.796875 0
0.625000000000166 0.78125 0
0.640625000000249 0.796875 0
0.609375000000083 0.765625 0
0.640625000000083 0.765625 0
0.671875000000249 0.796875 0
0.562500000000166 0.78125 0
0.546875000000083 0.765625 0
0.578125000000083 0.765625 0
0.53125 0.75 0
0.59375 0.75 0
0.687500000000166 0.78125 0
0.671875000000083 0.765625 0
0.703125000000083 0.765625 0
0.65625 0.75 0
0.71875 0.75 0
0.453125000001164 0.984375 0
0.421875000001081 0.984375 0
0.437500000001081 0.96875 0
0.390625000000998 0.984375 0
0.421875000000998 0.953125 0
0.359375000000915 0.984375 0
0.375000000000915 0.96875 0
0.359375000000832 0.953125 0
0.390625000000915 0.953125 0
0.328125000000748 0.953125 0
0.343750000000748 0.9375 0
0.406250000000915 0.9375 0
0.328125000000832 0.984375 0
0.296875000000748 0.984375 0
0.312500000000748 0.96875 0
0.265625000000665 0.984375 0
0.296875000000665 0.953125 0
0.390625000000832 0.921875 0
0.359375000000748 0.921875 0
0.375000000000748 0.90625 0
0.328125000000665 0.921875 0
0.359375000000665 0.890625 0
0.234375000000582 0.984375 0
0.250000000000582 0.96875 0
0.234375000000499 0.953125 0
0.265625000000582 0.953125 0
0.203125000000416 0.953125 0
0.218750000000416 0.9375 0
0.281250000000582 0.9375 0
0.203125000000333 0.921875 0
0.234375000000416 0.921875 0
0.250000000000416 0.90625 0
0.265625000000499 0.921875 0
0.234375000000333 0.890625 0
0.265625000000416 0.890625 0
0.296875000000582 0.921875 0
0.171875000000249 0.921875 0
0.187500000000249 0.90625 0
0.171875000000166 0.890625 0
0.203125000000249 0.890625 0
0.140625000000083 0.890625 0
0.156250000000083 0.875 0
0.218750000000249 0.875 0
0.312500000000582 0.90625 0
0.296875000000499 0.890625 0
0.328125000000582 0.890625 0
0.281250000000416 0.875 0
0.343750000000582 0.875 0
0.203125000000499 0.984375 0
0.171875000000416 0.984375 0
0.187500000000416 0.96875 0
0.140625000000333 0.984375 0
0.171875000000333 0.953125 0
0.109375000000249 0.984375 0
0.125000000000249 0.96875 0
0.109375000000166 0.953125 0
0.140625000000249 0.953125 0
0.0781250000000832 0.953125 0
0.0937500000000832 0.9375 0
0.156250000000249 0.9375 0
0.0781250000001663 0.984375 0
0.0468750000000832 0.984375 0
0.0625000000000832 0.96875 0
0.140625000000166 0.921875 0
0.109375000000083 0.921875 0
0.125000000000083 0.90625 0
0.328125000000499 0.859375 0
0.296875000000416 0.859375 0
0.312500000000416 0.84375 0
0.265625000000333 0.859375 0
0.296875000000333 0.828125 0
0.234375000000249 0.859375 0
0.25000000000025 0.84375 0
0.234375000000166 0.828125 0
0.26562500000025 0.828125 0
0.203125000000083 0.828125 0
0.218750000000083 0.8125 0
0.28125000000025 0.8125 0
0.203125000000166 0.859375 0
0.171875000000083 0.859375 0
0.187500000000083 0.84375 0
0.265625000000166 0.796875 0
0.234375000000083 0.796875 0
0.250000000000083 0.78125 0
0.703125 0.734375 0
0.671875 0.734375 0
0.6875 0.71875 0
0.640625 0.734375 0
0.671875 0.703125 0
0.609375 0.734375 0
0.625 0.71875 0
0.609375 0.703125 0
0.640625 0.703125 0
0.578125 0.703125 0
0.59375 0.6875 0
0.65625 0.6875 0
0.578125 0.734375 0
0.546875 0.734375 0
0.5625 0.71875 0
0.515625 0.734375 0
0.546875 0.703125 0
0.640625 0.671875 0
0.609375 0.671875 0
0.625 0.65625 0
0.578125 0.671875 0
0.609375 0.640625 0
0.484375 0.734375 0
0.5 0.71875 0
0.484375 0.703125 0
0.515625 0.703125 0
0.453125 0.703125 0
0.46875 0.6875 0
0.53125 0.6875 0
0.453125 0.671875 0
0.484375 0.671875 0
0.5 0.65625 0
0.515625 0.671875 0
0.484375 0.640625 0
0.515625 0.640625 0
0.546875 0.671875 0
0.421875 0.671875 0
0.4375 0.65625 0
0.421875 0.640625 0
0.453125 0.640625 0
0.390625 0.640625 0
0.40625 0.625 0
0.46875 0.625 0
0.5625 0.65625 0
0.546875 0.640625 0
0.578125 0.640625 0
0.53125 0.625 0
0.59375 0.625 0
0.453125 0.734375 0
0.421875 0.734375 0
0.4375 0.71875 0
0.390625 0.734375 0
0.421875 0.703125 0
0.359375 0.734375 0
0.375 0.71875 0
0.359375 0.703125 0
0.390625 0.703125 0
0.328125 0.703125 0
0.34375 0.6875 0
0.40625 0.6875 0
0.328125 0.734375 0
0.296875 0.734375 0
0.3125 0.71875 0
0.390625 0.671875 0
0.359375 0.671875 0
0.375 0.65625 0
0.578125 0.609375 0
0.546875 0.609375 0
0.5625 0.59375 0
0.515625 0.609375 0
0.546875 0.578125 0
0.484375 0.609375 0
0.5 0.59375 0
0.484375 0.578125 0
0.515625 0.578125 0
0.453125 0.578125 0
0.46875 0.5625 0
0.53125 0.5625 0
0.453125 0.609375 0
0.421875 0.609375 0
0.4375 0.59375 0
0.515625 0.546875 0
0.484375 0.546875 0
0.5 0.53125 0
