1.0
1.1051709180756477
1.1051709180756477
1.2214027581601699
1.0778841508846762
1.0512710963761638
1.025315120524497
1.0253151205243682
1.0512710963758845
1.07788415088456
1.1331484530667593
1.1618342427281287
1.191246216612279
1.1912462166124074
1.1618342427284376
1.1331484530669016
1.1973851462905398
1.159043342116708
1.0941872786276254
1.1590433421166546
1.302978515497605
1.077084043379666
1.0447052405750235
1.1050177724034076
1.129975012376665
1.1388340299742534
1.187151716707645
1.1450359002552395
1.1050177724035546
1.138834029974391
1.0770840433798006
1.1299750123766323
1.1871517167076155
1.233399069146653
1.3276192208876452
1.2365449321128434
1.3913728508011853
1.2503878013625394
1.327619220888034
1.2333990691472054
1.2365449321127866
