0.0
1.0
2.0
3.0
1.75000000000005
1.500000000000826
1.250000000001902
1.00000000000266
0.750000000001996
0.50000000000133
0.250000000000666
0.124999999999774
0.249999999999408
0.37499999999904
0.499999999998672
0.624999999999004
0.749999999999336
0.874999999999668
1.249999999999548
1.499999999998816
1.74999999999808
1.999999999997344
2.249999999998008
2.499999999998672
2.749999999999336
2.875000000000025
2.750000000000413
2.6250000000009512
2.50000000000133
2.375000000000998
2.2500000000006652
2.125000000000333
1.4375
1.2083333333332595
0.7187500000000833
1.6666666666668515
2.187499999999917
0.5781249999993301
0.34375000000016415
0.828124999999253
0.9531249999999689
1.083333333333243
1.3333333333333333
1.09375
1.3281250000012197
1.7916666666669103
0.8281250000012575
1.2031250000001146
1.5416666666666665
1.5781249999988851
2.078124999998807
1.7031249999999483
2.56249999999985
1.8124999999999998
2.3281250000006133
2.0781250000006235
1.9531249999999687
0.3281249999997006
0.21874999999999561
0.468749999999372
0.499999999999668
0.5781249999990318
0.7031249999996991
0.6093750000001248
0.718749999999004
0.749999999999336
0.9531249999997303
0.843749999999668
1.078124999999585
1.125
0.875
0.8281249999993981
0.968749999999668
1.0156249999997304
1.1041666666665093
1.1875000000001106
1.078125
0.984375
1.21875
1.25
1.3125
1.4375
1.359375
1.6875000000003306
1.979166666666742
1.42187500000114
1.6562500000006837
1.2187500000016152
1.562500000000333
1.812500000000111
0.9218750000019437
1.1562500000014546
1.062500000000375
1.3281250000007698
0.7968750000006971
1.015625000000073
1.5312500000000624
0.7187500000013305
0.4531250000006656
0.6718750000006656
1.4375
1.6875
1.203125
1.390625
1.5624999999999998
1.3437499999992595
1.5468749999987894
1.437499999999225
1.84374999999798
1.4687499999992946
2.0468749999981632
1.9062499999987965
1.9374999999990454
1.7031249999994398
2.140624999999471
2.031249999999896
1.5624999999998754
2.343749999998672
2.546874999999253
2.437499999999419
2.843749999999861
2.453124999999875
1.59375
1.796875
1.6875
2.078125
1.703125
2.7031250000001874
2.5937500000005183
2.515625000000329
2.45312500000097
2.328125000000323
2.343750000001039
2.2500000000006652
2.0781250000003952
2.218750000000333
1.9531250000002915
1.9062500000000209
2.1406250000000107
2.203125000000728
2.093750000000333
2.0468750000003952
1.953125
1.84375
1.796875
