0 35 610
35 609 610
35 36 609
610 609 242
36 611 609
611 612 609
611 241 612
609 612 242
36 37 611
37 613 611
37 38 613
611 613 241
242 612 615
612 614 615
612 241 614
615 614 154
38 616 613
616 617 613
616 243 617
613 617 241
243 618 617
618 619 617
618 244 619
617 619 241
243 620 618
620 621 618
620 153 621
618 621 244
241 619 614
619 622 614
619 244 622
614 622 154
38 39 616
39 623 616
39 40 623
616 623 243
40 624 623
624 625 623
624 245 625
623 625 243
40 41 624
41 626 624
41 42 626
624 626 245
243 625 620
625 627 620
625 245 627
620 627 153
154 622 629
622 628 629
622 244 628
629 628 247
244 630 628
630 631 628
630 246 631
628 631 247
244 621 630
621 632 630
621 153 632
630 632 246
247 631 634
631 633 634
631 246 633
634 633 134
42 635 626
635 636 626
635 248 636
626 636 245
248 637 636
637 638 636
637 249 638
636 638 245
248 639 637
639 640 637
639 155 640
637 640 249
245 638 627
638 641 627
638 249 641
627 641 153
155 642 640
642 643 640
642 250 643
640 643 249
250 644 643
644 645 643
644 251 645
643 645 249
250 646 644
646 647 644
646 156 647
644 647 251
249 645 641
645 648 641
645 251 648
641 648 153
155 649 642
649 650 642
649 252 650
642 650 250
252 651 650
651 652 650
651 253 652
650 652 250
252 653 651
653 654 651
653 133 654
651 654 253
250 652 646
652 655 646
652 253 655
646 655 156
153 648 632
648 656 632
648 251 656
632 656 246
251 657 656
657 658 656
657 254 658
656 658 246
251 647 657
647 659 657
647 156 659
657 659 254
246 658 633
658 660 633
658 254 660
633 660 134
42 43 635
43 661 635
43 44 661
635 661 248
44 662 661
662 663 661
662 255 663
661 663 248
44 45 662
45 664 662
45 46 664
662 664 255
248 663 639
663 665 639
663 255 665
639 665 155
46 666 664
666 667 664
666 256 667
664 667 255
256 668 667
668 669 667
668 257 669
667 669 255
256 670 668
670 671 668
670 157 671
668 671 257
255 669 665
669 672 665
669 257 672
665 672 155
46 47 666
47 673 666
47 48 673
666 673 256
48 674 673
674 675 673
674 258 675
673 675 256
48 49 674
49 676 674
49 50 676
674 676 258
256 675 670
675 677 670
675 258 677
670 677 157
155 672 649
672 678 649
672 257 678
649 678 252
257 679 678
679 680 678
679 259 680
678 680 252
257 671 679
671 681 679
671 157 681
679 681 259
252 680 653
680 682 653
680 259 682
653 682 133
134 660 684
660 683 684
660 254 683
684 683 261
254 685 683
685 686 683
685 260 686
683 686 261
254 659 685
659 687 685
659 156 687
685 687 260
261 686 689
686 688 689
686 260 688
689 688 159
156 690 687
690 691 687
690 262 691
687 691 260
262 692 691
692 693 691
692 263 693
691 693 260
262 694 692
694 695 692
694 158 695
692 695 263
260 693 688
693 696 688
693 263 696
688 696 159
156 655 690
655 697 690
655 253 697
690 697 262
253 698 697
698 699 697
698 264 699
697 699 262
253 654 698
654 700 698
654 133 700
698 700 264
262 699 694
699 701 694
699 264 701
694 701 158
159 696 703
696 702 703
696 263 702
703 702 266
263 704 702
704 705 702
704 265 705
702 705 266
263 695 704
695 706 704
695 158 706
704 706 265
266 705 708
705 707 708
705 265 707
708 707 130
50 709 676
709 710 676
709 267 710
676 710 258
267 711 710
711 712 710
711 268 712
710 712 258
267 713 711
713 714 711
713 160 714
711 714 268
258 712 677
712 715 677
712 268 715
677 715 157
160 716 714
716 717 714
716 269 717
714 717 268
269 718 717
718 719 717
718 270 719
717 719 268
269 720 718
720 721 718
720 161 721
718 721 270
268 719 715
719 722 715
719 270 722
715 722 157
160 723 716
723 724 716
723 271 724
716 724 269
271 725 724
725 726 724
725 272 726
724 726 269
271 727 725
727 728 725
727 135 728
725 728 272
269 726 720
726 729 720
726 272 729
720 729 161
157 722 681
722 730 681
722 270 730
681 730 259
270 731 730
731 732 730
731 273 732
730 732 259
270 721 731
721 733 731
721 161 733
731 733 273
259 732 682
732 734 682
732 273 734
682 734 133
135 735 728
735 736 728
735 274 736
728 736 272
274 737 736
737 738 736
737 275 738
736 738 272
274 739 737
739 740 737
739 162 740
737 740 275
272 738 729
738 741 729
738 275 741
729 741 161
162 742 740
742 743 740
742 276 743
740 743 275
276 744 743
744 745 743
744 277 745
743 745 275
276 746 744
746 747 744
746 163 747
744 747 277
275 745 741
745 748 741
745 277 748
741 748 161
162 749 742
749 750 742
749 278 750
742 750 276
278 751 750
751 752 750
751 279 752
750 752 276
278 753 751
753 754 751
753 136 754
751 754 279
276 752 746
752 755 746
752 279 755
746 755 163
161 748 733
748 756 733
748 277 756
733 756 273
277 757 756
757 758 756
757 280 758
756 758 273
277 747 757
747 759 757
747 163 759
757 759 280
273 758 734
758 760 734
758 280 760
734 760 133
135 761 735
761 762 735
761 281 762
735 762 274
281 763 762
763 764 762
763 282 764
762 764 274
281 765 763
765 766 763
765 164 766
763 766 282
274 764 739
764 767 739
764 282 767
739 767 162
164 768 766
768 769 766
768 283 769
766 769 282
283 770 769
770 771 769
770 284 771
769 771 282
283 772 770
772 773 770
772 165 773
770 773 284
282 771 767
771 774 767
771 284 774
767 774 162
164 775 768
775 776 768
775 285 776
768 776 283
285 777 776
777 778 776
777 286 778
776 778 283
285 779 777
779 780 777
779 129 780
777 780 286
283 778 772
778 781 772
778 286 781
772 781 165
162 774 749
774 782 749
774 284 782
749 782 278
284 783 782
783 784 782
783 287 784
782 784 278
284 773 783
773 785 783
773 165 785
783 785 287
278 784 753
784 786 753
784 287 786
753 786 136
133 760 700
760 787 700
760 280 787
700 787 264
280 788 787
788 789 787
788 288 789
787 789 264
280 759 788
759 790 788
759 163 790
788 790 288
264 789 701
789 791 701
789 288 791
701 791 158
163 792 790
792 793 790
792 289 793
790 793 288
289 794 793
794 795 793
794 290 795
793 795 288
289 796 794
796 797 794
796 166 797
794 797 290
288 795 791
795 798 791
795 290 798
791 798 158
163 755 792
755 799 792
755 279 799
792 799 289
279 800 799
800 801 799
800 291 801
799 801 289
279 754 800
754 802 800
754 136 802
800 802 291
289 801 796
801 803 796
801 291 803
796 803 166
158 798 706
798 804 706
798 290 804
706 804 265
290 805 804
805 806 804
805 292 806
804 806 265
290 797 805
797 807 805
797 166 807
805 807 292
265 806 707
806 808 707
806 292 808
707 808 130
50 51 709
51 809 709
51 52 809
709 809 267
52 810 809
810 811 809
810 293 811
809 811 267
52 53 810
53 812 810
53 54 812
810 812 293
267 811 713
811 813 713
811 293 813
713 813 160
54 814 812
814 815 812
814 294 815
812 815 293
294 816 815
816 817 815
816 295 817
815 817 293
294 818 816
818 819 816
818 167 819
816 819 295
293 817 813
817 820 813
817 295 820
813 820 160
54 55 814
55 821 814
55 56 821
814 821 294
56 822 821
822 823 821
822 296 823
821 823 294
56 57 822
57 824 822
57 58 824
822 824 296
294 823 818
823 825 818
823 296 825
818 825 167
160 820 723
820 826 723
820 295 826
723 826 271
295 827 826
827 828 826
827 297 828
826 828 271
295 819 827
819 829 827
819 167 829
827 829 297
271 828 727
828 830 727
828 297 830
727 830 135
58 831 824
831 832 824
831 298 832
824 832 296
298 833 832
833 834 832
833 299 834
832 834 296
298 835 833
835 836 833
835 168 836
833 836 299
296 834 825
834 837 825
834 299 837
825 837 167
168 838 836
838 839 836
838 300 839
836 839 299
300 840 839
840 841 839
840 301 841
839 841 299
300 842 840
842 843 840
842 169 843
840 843 301
299 841 837
841 844 837
841 301 844
837 844 167
168 845 838
845 846 838
845 302 846
838 846 300
302 847 846
847 848 846
847 303 848
846 848 300
302 849 847
849 850 847
849 137 850
847 850 303
300 848 842
848 851 842
848 303 851
842 851 169
167 844 829
844 852 829
844 301 852
829 852 297
301 853 852
853 854 852
853 304 854
852 854 297
301 843 853
843 855 853
843 169 855
853 855 304
297 854 830
854 856 830
854 304 856
830 856 135
58 59 831
59 857 831
59 60 857
831 857 298
60 858 857
858 859 857
858 305 859
857 859 298
60 61 858
61 860 858
61 62 860
858 860 305
298 859 835
859 861 835
859 305 861
835 861 168
62 862 860
862 863 860
862 306 863
860 863 305
306 864 863
864 865 863
864 307 865
863 865 305
306 866 864
866 867 864
866 170 867
864 867 307
305 865 861
865 868 861
865 307 868
861 868 168
62 63 862
63 869 862
63 64 869
862 869 306
64 870 869
870 871 869
870 308 871
869 871 306
64 65 870
65 872 870
65 1 872
870 872 308
306 871 866
871 873 866
871 308 873
866 873 170
168 868 845
868 874 845
868 307 874
845 874 302
307 875 874
875 876 874
875 309 876
874 876 302
307 867 875
867 877 875
867 170 877
875 877 309
302 876 849
876 878 849
876 309 878
849 878 137
135 856 761
856 879 761
856 304 879
761 879 281
304 880 879
880 881 879
880 310 881
879 881 281
304 855 880
855 882 880
855 169 882
880 882 310
281 881 765
881 883 765
881 310 883
765 883 164
169 884 882
884 885 882
884 311 885
882 885 310
311 886 885
886 887 885
886 312 887
885 887 310
311 888 886
888 889 886
888 171 889
886 889 312
310 887 883
887 890 883
887 312 890
883 890 164
169 851 884
851 891 884
851 303 891
884 891 311
303 892 891
892 893 891
892 313 893
891 893 311
303 850 892
850 894 892
850 137 894
892 894 313
311 893 888
893 895 888
893 313 895
888 895 171
164 890 775
890 896 775
890 312 896
775 896 285
312 897 896
897 898 896
897 314 898
896 898 285
312 889 897
889 899 897
889 171 899
897 899 314
285 898 779
898 900 779
898 314 900
779 900 129
130 808 902
808 901 902
808 292 901
902 901 316
292 903 901
903 904 901
903 315 904
901 904 316
292 807 903
807 905 903
807 166 905
903 905 315
316 904 907
904 906 907
904 315 906
907 906 173
166 908 905
908 909 905
908 317 909
905 909 315
317 910 909
910 911 909
910 318 911
909 911 315
317 912 910
912 913 910
912 172 913
910 913 318
315 911 906
911 914 906
911 318 914
906 914 173
166 803 908
803 915 908
803 291 915
908 915 317
291 916 915
916 917 915
916 319 917
915 917 317
291 802 916
802 918 916
802 136 918
916 918 319
317 917 912
917 919 912
917 319 919
912 919 172
173 914 921
914 920 921
914 318 920
921 920 321
318 922 920
922 923 920
922 320 923
920 923 321
318 913 922
913 924 922
913 172 924
922 924 320
321 923 926
923 925 926
923 320 925
926 925 139
136 927 918
927 928 918
927 322 928
918 928 319
322 929 928
929 930 928
929 323 930
928 930 319
322 931 929
931 932 929
931 174 932
929 932 323
319 930 919
930 933 919
930 323 933
919 933 172
174 934 932
934 935 932
934 324 935
932 935 323
324 936 935
936 937 935
936 325 937
935 937 323
324 938 936
938 939 936
938 175 939
936 939 325
323 937 933
937 940 933
937 325 940
933 940 172
174 941 934
941 942 934
941 326 942
934 942 324
326 943 942
943 944 942
943 327 944
942 944 324
326 945 943
945 946 943
945 138 946
943 946 327
324 944 938
944 947 938
944 327 947
938 947 175
172 940 924
940 948 924
940 325 948
924 948 320
325 949 948
949 950 948
949 328 950
948 950 320
325 939 949
939 951 949
939 175 951
949 951 328
320 950 925
950 952 925
950 328 952
925 952 139
136 786 927
786 953 927
786 287 953
927 953 322
287 954 953
954 955 953
954 329 955
953 955 322
287 785 954
785 956 954
785 165 956
954 956 329
322 955 931
955 957 931
955 329 957
931 957 174
165 958 956
958 959 956
958 330 959
956 959 329
330 960 959
960 961 959
960 331 961
959 961 329
330 962 960
962 963 960
962 176 963
960 963 331
329 961 957
961 964 957
961 331 964
957 964 174
165 781 958
781 965 958
781 286 965
958 965 330
286 966 965
966 967 965
966 332 967
965 967 330
286 780 966
780 968 966
780 129 968
966 968 332
330 967 962
967 969 962
967 332 969
962 969 176
174 964 941
964 970 941
964 331 970
941 970 326
331 971 970
971 972 970
971 333 972
970 972 326
331 963 971
963 973 971
963 176 973
971 973 333
326 972 945
972 974 945
972 333 974
945 974 138
139 952 976
952 975 976
952 328 975
976 975 335
328 977 975
977 978 975
977 334 978
975 978 335
328 951 977
951 979 977
951 175 979
977 979 334
335 978 981
978 980 981
978 334 980
981 980 178
175 982 979
982 983 979
982 336 983
979 983 334
336 984 983
984 985 983
984 337 985
983 985 334
336 986 984
986 987 984
986 177 987
984 987 337
334 985 980
985 988 980
985 337 988
980 988 178
175 947 982
947 989 982
947 327 989
982 989 336
327 990 989
990 991 989
990 338 991
989 991 336
327 946 990
946 992 990
946 138 992
990 992 338
336 991 986
991 993 986
991 338 993
986 993 177
178 988 995
988 994 995
988 337 994
995 994 340
337 996 994
996 997 994
996 339 997
994 997 340
337 987 996
987 998 996
987 177 998
996 998 339
340 997 1000
997 999 1000
997 339 999
1000 999 128
2 4 1002
4 1001 1002
4 5 1001
1002 1001 342
5 1003 1001
1003 1004 1001
1003 341 1004
1001 1004 342
5 6 1003
6 1005 1003
6 7 1005
1003 1005 341
342 1004 1007
1004 1006 1007
1004 341 1006
1007 1006 180
7 1008 1005
1008 1009 1005
1008 343 1009
1005 1009 341
343 1010 1009
1010 1011 1009
1010 344 1011
1009 1011 341
343 1012 1010
1012 1013 1010
1012 179 1013
1010 1013 344
341 1011 1006
1011 1014 1006
1011 344 1014
1006 1014 180
7 8 1008
8 1015 1008
8 9 1015
1008 1015 343
9 1016 1015
1016 1017 1015
1016 345 1017
1015 1017 343
9 10 1016
10 1018 1016
10 11 1018
1016 1018 345
343 1017 1012
1017 1019 1012
1017 345 1019
1012 1019 179
180 1014 1021
1014 1020 1021
1014 344 1020
1021 1020 347
344 1022 1020
1022 1023 1020
1022 346 1023
1020 1023 347
344 1013 1022
1013 1024 1022
1013 179 1024
1022 1024 346
347 1023 1026
1023 1025 1026
1023 346 1025
1026 1025 141
11 1027 1018
1027 1028 1018
1027 348 1028
1018 1028 345
348 1029 1028
1029 1030 1028
1029 349 1030
1028 1030 345
348 1031 1029
1031 1032 1029
1031 181 1032
1029 1032 349
345 1030 1019
1030 1033 1019
1030 349 1033
1019 1033 179
181 1034 1032
1034 1035 1032
1034 350 1035
1032 1035 349
350 1036 1035
1036 1037 1035
1036 351 1037
1035 1037 349
350 1038 1036
1038 1039 1036
1038 182 1039
1036 1039 351
349 1037 1033
1037 1040 1033
1037 351 1040
1033 1040 179
181 1041 1034
1041 1042 1034
1041 352 1042
1034 1042 350
352 1043 1042
1043 1044 1042
1043 353 1044
1042 1044 350
352 1045 1043
1045 1046 1043
1045 140 1046
1043 1046 353
350 1044 1038
1044 1047 1038
1044 353 1047
1038 1047 182
179 1040 1024
1040 1048 1024
1040 351 1048
1024 1048 346
351 1049 1048
1049 1050 1048
1049 354 1050
1048 1050 346
351 1039 1049
1039 1051 1049
1039 182 1051
1049 1051 354
346 1050 1025
1050 1052 1025
1050 354 1052
1025 1052 141
11 12 1027
12 1053 1027
12 13 1053
1027 1053 348
13 1054 1053
1054 1055 1053
1054 355 1055
1053 1055 348
13 14 1054
14 1056 1054
14 15 1056
1054 1056 355
348 1055 1031
1055 1057 1031
1055 355 1057
1031 1057 181
15 1058 1056
1058 1059 1056
1058 356 1059
1056 1059 355
356 1060 1059
1060 1061 1059
1060 357 1061
1059 1061 355
356 1062 1060
1062 1063 1060
1062 183 1063
1060 1063 357
355 1061 1057
1061 1064 1057
1061 357 1064
1057 1064 181
15 16 1058
16 1065 1058
16 17 1065
1058 1065 356
17 1066 1065
1066 1067 1065
1066 358 1067
1065 1067 356
17 18 1066
18 1068 1066
18 19 1068
1066 1068 358
356 1067 1062
1067 1069 1062
1067 358 1069
1062 1069 183
181 1064 1041
1064 1070 1041
1064 357 1070
1041 1070 352
357 1071 1070
1071 1072 1070
1071 359 1072
1070 1072 352
357 1063 1071
1063 1073 1071
1063 183 1073
1071 1073 359
352 1072 1045
1072 1074 1045
1072 359 1074
1045 1074 140
141 1052 1076
1052 1075 1076
1052 354 1075
1076 1075 361
354 1077 1075
1077 1078 1075
1077 360 1078
1075 1078 361
354 1051 1077
1051 1079 1077
1051 182 1079
1077 1079 360
361 1078 1081
1078 1080 1081
1078 360 1080
1081 1080 185
182 1082 1079
1082 1083 1079
1082 362 1083
1079 1083 360
362 1084 1083
1084 1085 1083
1084 363 1085
1083 1085 360
362 1086 1084
1086 1087 1084
1086 184 1087
1084 1087 363
360 1085 1080
1085 1088 1080
1085 363 1088
1080 1088 185
182 1047 1082
1047 1089 1082
1047 353 1089
1082 1089 362
353 1090 1089
1090 1091 1089
1090 364 1091
1089 1091 362
353 1046 1090
1046 1092 1090
1046 140 1092
1090 1092 364
362 1091 1086
1091 1093 1086
1091 364 1093
1086 1093 184
185 1088 1095
1088 1094 1095
1088 363 1094
1095 1094 366
363 1096 1094
1096 1097 1094
1096 365 1097
1094 1097 366
363 1087 1096
1087 1098 1096
1087 184 1098
1096 1098 365
366 1097 1100
1097 1099 1100
1097 365 1099
1100 1099 131
19 1101 1068
1101 1102 1068
1101 367 1102
1068 1102 358
367 1103 1102
1103 1104 1102
1103 368 1104
1102 1104 358
367 1105 1103
1105 1106 1103
1105 186 1106
1103 1106 368
358 1104 1069
1104 1107 1069
1104 368 1107
1069 1107 183
186 1108 1106
1108 1109 1106
1108 369 1109
1106 1109 368
369 1110 1109
1110 1111 1109
1110 370 1111
1109 1111 368
369 1112 1110
1112 1113 1110
1112 187 1113
1110 1113 370
368 1111 1107
1111 1114 1107
1111 370 1114
1107 1114 183
186 1115 1108
1115 1116 1108
1115 371 1116
1108 1116 369
371 1117 1116
1117 1118 1116
1117 372 1118
1116 1118 369
371 1119 1117
1119 1120 1117
1119 142 1120
1117 1120 372
369 1118 1112
1118 1121 1112
1118 372 1121
1112 1121 187
183 1114 1073
1114 1122 1073
1114 370 1122
1073 1122 359
370 1123 1122
1123 1124 1122
1123 373 1124
1122 1124 359
370 1113 1123
1113 1125 1123
1113 187 1125
1123 1125 373
359 1124 1074
1124 1126 1074
1124 373 1126
1074 1126 140
142 1127 1120
1127 1128 1120
1127 374 1128
1120 1128 372
374 1129 1128
1129 1130 1128
1129 375 1130
1128 1130 372
374 1131 1129
1131 1132 1129
1131 188 1132
1129 1132 375
372 1130 1121
1130 1133 1121
1130 375 1133
1121 1133 187
188 1134 1132
1134 1135 1132
1134 376 1135
1132 1135 375
376 1136 1135
1136 1137 1135
1136 377 1137
1135 1137 375
376 1138 1136
1138 1139 1136
1138 189 1139
1136 1139 377
375 1137 1133
1137 1140 1133
1137 377 1140
1133 1140 187
188 1141 1134
1141 1142 1134
1141 378 1142
1134 1142 376
378 1143 1142
1143 1144 1142
1143 379 1144
1142 1144 376
378 1145 1143
1145 1146 1143
1145 143 1146
1143 1146 379
376 1144 1138
1144 1147 1138
1144 379 1147
1138 1147 189
187 1140 1125
1140 1148 1125
1140 377 1148
1125 1148 373
377 1149 1148
1149 1150 1148
1149 380 1150
1148 1150 373
377 1139 1149
1139 1151 1149
1139 189 1151
1149 1151 380
373 1150 1126
1150 1152 1126
1150 380 1152
1126 1152 140
142 1153 1127
1153 1154 1127
1153 381 1154
1127 1154 374
381 1155 1154
1155 1156 1154
1155 382 1156
1154 1156 374
381 1157 1155
1157 1158 1155
1157 190 1158
1155 1158 382
374 1156 1131
1156 1159 1131
1156 382 1159
1131 1159 188
190 1160 1158
1160 1161 1158
1160 383 1161
1158 1161 382
383 1162 1161
1162 1163 1161
1162 384 1163
1161 1163 382
383 1164 1162
1164 1165 1162
1164 191 1165
1162 1165 384
382 1163 1159
1163 1166 1159
1163 384 1166
1159 1166 188
190 1167 1160
1167 1168 1160
1167 385 1168
1160 1168 383
385 1169 1168
1169 1170 1168
1169 386 1170
1168 1170 383
385 1171 1169
1171 1172 1169
1171 130 1172
1169 1172 386
383 1170 1164
1170 1173 1164
1170 386 1173
1164 1173 191
188 1166 1141
1166 1174 1141
1166 384 1174
1141 1174 378
384 1175 1174
1175 1176 1174
1175 387 1176
1174 1176 378
384 1165 1175
1165 1177 1175
1165 191 1177
1175 1177 387
378 1176 1145
1176 1178 1145
1176 387 1178
1145 1178 143
140 1152 1092
1152 1179 1092
1152 380 1179
1092 1179 364
380 1180 1179
1180 1181 1179
1180 388 1181
1179 1181 364
380 1151 1180
1151 1182 1180
1151 189 1182
1180 1182 388
364 1181 1093
1181 1183 1093
1181 388 1183
1093 1183 184
189 1184 1182
1184 1185 1182
1184 389 1185
1182 1185 388
389 1186 1185
1186 1187 1185
1186 390 1187
1185 1187 388
389 1188 1186
1188 1189 1186
1188 192 1189
1186 1189 390
388 1187 1183
1187 1190 1183
1187 390 1190
1183 1190 184
189 1147 1184
1147 1191 1184
1147 379 1191
1184 1191 389
379 1192 1191
1192 1193 1191
1192 391 1193
1191 1193 389
379 1146 1192
1146 1194 1192
1146 143 1194
1192 1194 391
389 1193 1188
1193 1195 1188
1193 391 1195
1188 1195 192
184 1190 1098
1190 1196 1098
1190 390 1196
1098 1196 365
390 1197 1196
1197 1198 1196
1197 392 1198
1196 1198 365
390 1189 1197
1189 1199 1197
1189 192 1199
1197 1199 392
365 1198 1099
1198 1200 1099
1198 392 1200
1099 1200 131
19 20 1101
20 1201 1101
20 21 1201
1101 1201 367
21 1202 1201
1202 1203 1201
1202 393 1203
1201 1203 367
21 22 1202
22 1204 1202
22 23 1204
1202 1204 393
367 1203 1105
1203 1205 1105
1203 393 1205
1105 1205 186
23 1206 1204
1206 1207 1204
1206 394 1207
1204 1207 393
394 1208 1207
1208 1209 1207
1208 395 1209
1207 1209 393
394 1210 1208
1210 1211 1208
1210 193 1211
1208 1211 395
393 1209 1205
1209 1212 1205
1209 395 1212
1205 1212 186
23 24 1206
24 1213 1206
24 25 1213
1206 1213 394
25 1214 1213
1214 1215 1213
1214 396 1215
1213 1215 394
25 26 1214
26 1216 1214
26 27 1216
1214 1216 396
394 1215 1210
1215 1217 1210
1215 396 1217
1210 1217 193
186 1212 1115
1212 1218 1115
1212 395 1218
1115 1218 371
395 1219 1218
1219 1220 1218
1219 397 1220
1218 1220 371
395 1211 1219
1211 1221 1219
1211 193 1221
1219 1221 397
371 1220 1119
1220 1222 1119
1220 397 1222
1119 1222 142
27 1223 1216
1223 1224 1216
1223 398 1224
1216 1224 396
398 1225 1224
1225 1226 1224
1225 399 1226
1224 1226 396
398 1227 1225
1227 1228 1225
1227 194 1228
1225 1228 399
396 1226 1217
1226 1229 1217
1226 399 1229
1217 1229 193
194 1230 1228
1230 1231 1228
1230 400 1231
1228 1231 399
400 1232 1231
1232 1233 1231
1232 401 1233
1231 1233 399
400 1234 1232
1234 1235 1232
1234 195 1235
1232 1235 401
399 1233 1229
1233 1236 1229
1233 401 1236
1229 1236 193
194 1237 1230
1237 1238 1230
1237 402 1238
1230 1238 400
402 1239 1238
1239 1240 1238
1239 403 1240
1238 1240 400
402 1241 1239
1241 1242 1239
1241 134 1242
1239 1242 403
400 1240 1234
1240 1243 1234
1240 403 1243
1234 1243 195
193 1236 1221
1236 1244 1221
1236 401 1244
1221 1244 397
401 1245 1244
1245 1246 1244
1245 404 1246
1244 1246 397
401 1235 1245
1235 1247 1245
1235 195 1247
1245 1247 404
397 1246 1222
1246 1248 1222
1246 404 1248
1222 1248 142
27 28 1223
28 1249 1223
28 29 1249
1223 1249 398
29 1250 1249
1250 1251 1249
1250 405 1251
1249 1251 398
29 30 1250
30 1252 1250
30 31 1252
1250 1252 405
398 1251 1227
1251 1253 1227
1251 405 1253
1227 1253 194
31 1254 1252
1254 1255 1252
1254 406 1255
1252 1255 405
406 1256 1255
1256 1257 1255
1256 407 1257
1255 1257 405
406 1258 1256
1258 1259 1256
1258 154 1259
1256 1259 407
405 1257 1253
1257 1260 1253
1257 407 1260
1253 1260 194
31 32 1254
32 1261 1254
32 33 1261
1254 1261 406
33 1262 1261
1262 1263 1261
1262 242 1263
1261 1263 406
33 34 1262
34 610 1262
34 0 610
1262 610 242
406 1263 1258
1263 615 1258
1263 242 615
1258 615 154
194 1260 1237
1260 1264 1237
1260 407 1264
1237 1264 402
407 1265 1264
1265 1266 1264
1265 247 1266
1264 1266 402
407 1259 1265
1259 629 1265
1259 154 629
1265 629 247
402 1266 1241
1266 634 1241
1266 247 634
1241 634 134
142 1248 1153
1248 1267 1153
1248 404 1267
1153 1267 381
404 1268 1267
1268 1269 1267
1268 408 1269
1267 1269 381
404 1247 1268
1247 1270 1268
1247 195 1270
1268 1270 408
381 1269 1157
1269 1271 1157
1269 408 1271
1157 1271 190
195 1272 1270
1272 1273 1270
1272 409 1273
1270 1273 408
409 1274 1273
1274 1275 1273
1274 410 1275
1273 1275 408
409 1276 1274
1276 1277 1274
1276 159 1277
1274 1277 410
408 1275 1271
1275 1278 1271
1275 410 1278
1271 1278 190
195 1243 1272
1243 1279 1272
1243 403 1279
1272 1279 409
403 1280 1279
1280 1281 1279
1280 261 1281
1279 1281 409
403 1242 1280
1242 684 1280
1242 134 684
1280 684 261
409 1281 1276
1281 689 1276
1281 261 689
1276 689 159
190 1278 1167
1278 1282 1167
1278 410 1282
1167 1282 385
410 1283 1282
1283 1284 1282
1283 266 1284
1282 1284 385
410 1277 1283
1277 703 1283
1277 159 703
1283 703 266
385 1284 1171
1284 708 1171
1284 266 708
1171 708 130
131 1200 1286
1200 1285 1286
1200 392 1285
1286 1285 412
392 1287 1285
1287 1288 1285
1287 411 1288
1285 1288 412
392 1199 1287
1199 1289 1287
1199 192 1289
1287 1289 411
412 1288 1291
1288 1290 1291
1288 411 1290
1291 1290 197
192 1292 1289
1292 1293 1289
1292 413 1293
1289 1293 411
413 1294 1293
1294 1295 1293
1294 414 1295
1293 1295 411
413 1296 1294
1296 1297 1294
1296 196 1297
1294 1297 414
411 1295 1290
1295 1298 1290
1295 414 1298
1290 1298 197
192 1195 1292
1195 1299 1292
1195 391 1299
1292 1299 413
391 1300 1299
1300 1301 1299
1300 415 1301
1299 1301 413
391 1194 1300
1194 1302 1300
1194 143 1302
1300 1302 415
413 1301 1296
1301 1303 1296
1301 415 1303
1296 1303 196
197 1298 1305
1298 1304 1305
1298 414 1304
1305 1304 417
414 1306 1304
1306 1307 1304
1306 416 1307
1304 1307 417
414 1297 1306
1297 1308 1306
1297 196 1308
1306 1308 416
417 1307 1310
1307 1309 1310
1307 416 1309
1310 1309 144
143 1311 1302
1311 1312 1302
1311 418 1312
1302 1312 415
418 1313 1312
1313 1314 1312
1313 419 1314
1312 1314 415
418 1315 1313
1315 1316 1313
1315 198 1316
1313 1316 419
415 1314 1303
1314 1317 1303
1314 419 1317
1303 1317 196
198 1318 1316
1318 1319 1316
1318 420 1319
1316 1319 419
420 1320 1319
1320 1321 1319
1320 421 1321
1319 1321 419
420 1322 1320
1322 1323 1320
1322 199 1323
1320 1323 421
419 1321 1317
1321 1324 1317
1321 421 1324
1317 1324 196
198 1325 1318
1325 1326 1318
1325 422 1326
1318 1326 420
422 1327 1326
1327 1328 1326
1327 423 1328
1326 1328 420
422 1329 1327
1329 1330 1327
1329 139 1330
1327 1330 423
420 1328 1322
1328 1331 1322
1328 423 1331
1322 1331 199
196 1324 1308
1324 1332 1308
1324 421 1332
1308 1332 416
421 1333 1332
1333 1334 1332
1333 424 1334
1332 1334 416
421 1323 1333
1323 1335 1333
1323 199 1335
1333 1335 424
416 1334 1309
1334 1336 1309
1334 424 1336
1309 1336 144
143 1178 1311
1178 1337 1311
1178 387 1337
1311 1337 418
387 1338 1337
1338 1339 1337
1338 425 1339
1337 1339 418
387 1177 1338
1177 1340 1338
1177 191 1340
1338 1340 425
418 1339 1315
1339 1341 1315
1339 425 1341
1315 1341 198
191 1342 1340
1342 1343 1340
1342 426 1343
1340 1343 425
426 1344 1343
1344 1345 1343
1344 427 1345
1343 1345 425
426 1346 1344
1346 1347 1344
1346 173 1347
1344 1347 427
425 1345 1341
1345 1348 1341
1345 427 1348
1341 1348 198
191 1173 1342
1173 1349 1342
1173 386 1349
1342 1349 426
386 1350 1349
1350 1351 1349
1350 316 1351
1349 1351 426
386 1172 1350
1172 902 1350
1172 130 902
1350 902 316
426 1351 1346
1351 907 1346
1351 316 907
1346 907 173
198 1348 1325
1348 1352 1325
1348 427 1352
1325 1352 422
427 1353 1352
1353 1354 1352
1353 321 1354
1352 1354 422
427 1347 1353
1347 921 1353
1347 173 921
1353 921 321
422 1354 1329
1354 926 1329
1354 321 926
1329 926 139
144 1336 1356
1336 1355 1356
1336 424 1355
1356 1355 429
424 1357 1355
1357 1358 1355
1357 428 1358
1355 1358 429
424 1335 1357
1335 1359 1357
1335 199 1359
1357 1359 428
429 1358 1361
1358 1360 1361
1358 428 1360
1361 1360 200
199 1362 1359
1362 1363 1359
1362 430 1363
1359 1363 428
430 1364 1363
1364 1365 1363
1364 431 1365
1363 1365 428
430 1366 1364
1366 1367 1364
1366 178 1367
1364 1367 431
428 1365 1360
1365 1368 1360
1365 431 1368
1360 1368 200
199 1331 1362
1331 1369 1362
1331 423 1369
1362 1369 430
423 1370 1369
1370 1371 1369
1370 335 1371
1369 1371 430
423 1330 1370
1330 976 1370
1330 139 976
1370 976 335
430 1371 1366
1371 981 1366
1371 335 981
1366 981 178
200 1368 1373
1368 1372 1373
1368 431 1372
1373 1372 432
431 1374 1372
1374 1375 1372
1374 340 1375
1372 1375 432
431 1367 1374
1367 995 1374
1367 178 995
1374 995 340
432 1375 1376
1375 1000 1376
1375 340 1000
1376 1000 128
1 66 872
66 1377 872
66 67 1377
872 1377 308
67 1378 1377
1378 1379 1377
1378 433 1379
1377 1379 308
67 68 1378
68 1380 1378
68 69 1380
1378 1380 433
308 1379 873
1379 1381 873
1379 433 1381
873 1381 170
69 1382 1380
1382 1383 1380
1382 434 1383
1380 1383 433
434 1384 1383
1384 1385 1383
1384 435 1385
1383 1385 433
434 1386 1384
1386 1387 1384
1386 201 1387
1384 1387 435
433 1385 1381
1385 1388 1381
1385 435 1388
1381 1388 170
69 70 1382
70 1389 1382
70 71 1389
1382 1389 434
71 1390 1389
1390 1391 1389
1390 436 1391
1389 1391 434
71 72 1390
72 1392 1390
72 73 1392
1390 1392 436
434 1391 1386
1391 1393 1386
1391 436 1393
1386 1393 201
170 1388 877
1388 1394 877
1388 435 1394
877 1394 309
435 1395 1394
1395 1396 1394
1395 437 1396
1394 1396 309
435 1387 1395
1387 1397 1395
1387 201 1397
1395 1397 437
309 1396 878
1396 1398 878
1396 437 1398
878 1398 137
73 1399 1392
1399 1400 1392
1399 438 1400
1392 1400 436
438 1401 1400
1401 1402 1400
1401 439 1402
1400 1402 436
438 1403 1401
1403 1404 1401
1403 202 1404
1401 1404 439
436 1402 1393
1402 1405 1393
1402 439 1405
1393 1405 201
202 1406 1404
1406 1407 1404
1406 440 1407
1404 1407 439
440 1408 1407
1408 1409 1407
1408 441 1409
1407 1409 439
440 1410 1408
1410 1411 1408
1410 203 1411
1408 1411 441
439 1409 1405
1409 1412 1405
1409 441 1412
1405 1412 201
202 1413 1406
1413 1414 1406
1413 442 1414
1406 1414 440
442 1415 1414
1415 1416 1414
1415 443 1416
1414 1416 440
442 1417 1415
1417 1418 1415
1417 145 1418
1415 1418 443
440 1416 1410
1416 1419 1410
1416 443 1419
1410 1419 203
201 1412 1397
1412 1420 1397
1412 441 1420
1397 1420 437
441 1421 1420
1421 1422 1420
1421 444 1422
1420 1422 437
441 1411 1421
1411 1423 1421
1411 203 1423
1421 1423 444
437 1422 1398
1422 1424 1398
1422 444 1424
1398 1424 137
73 74 1399
74 1425 1399
74 75 1425
1399 1425 438
75 1426 1425
1426 1427 1425
1426 445 1427
1425 1427 438
75 76 1426
76 1428 1426
76 77 1428
1426 1428 445
438 1427 1403
1427 1429 1403
1427 445 1429
1403 1429 202
77 1430 1428
1430 1431 1428
1430 446 1431
1428 1431 445
446 1432 1431
1432 1433 1431
1432 447 1433
1431 1433 445
446 1434 1432
1434 1435 1432
1434 204 1435
1432 1435 447
445 1433 1429
1433 1436 1429
1433 447 1436
1429 1436 202
77 78 1430
78 1437 1430
78 79 1437
1430 1437 446
79 1438 1437
1438 1439 1437
1438 448 1439
1437 1439 446
79 80 1438
80 1440 1438
80 81 1440
1438 1440 448
446 1439 1434
1439 1441 1434
1439 448 1441
1434 1441 204
202 1436 1413
1436 1442 1413
1436 447 1442
1413 1442 442
447 1443 1442
1443 1444 1442
1443 449 1444
1442 1444 442
447 1435 1443
1435 1445 1443
1435 204 1445
1443 1445 449
442 1444 1417
1444 1446 1417
1444 449 1446
1417 1446 145
137 1424 894
1424 1447 894
1424 444 1447
894 1447 313
444 1448 1447
1448 1449 1447
1448 450 1449
1447 1449 313
444 1423 1448
1423 1450 1448
1423 203 1450
1448 1450 450
313 1449 895
1449 1451 895
1449 450 1451
895 1451 171
203 1452 1450
1452 1453 1450
1452 451 1453
1450 1453 450
451 1454 1453
1454 1455 1453
1454 452 1455
1453 1455 450
451 1456 1454
1456 1457 1454
1456 205 1457
1454 1457 452
450 1455 1451
1455 1458 1451
1455 452 1458
1451 1458 171
203 1419 1452
1419 1459 1452
1419 443 1459
1452 1459 451
443 1460 1459
1460 1461 1459
1460 453 1461
1459 1461 451
443 1418 1460
1418 1462 1460
1418 145 1462
1460 1462 453
451 1461 1456
1461 1463 1456
1461 453 1463
1456 1463 205
171 1458 899
1458 1464 899
1458 452 1464
899 1464 314
452 1465 1464
1465 1466 1464
1465 454 1466
1464 1466 314
452 1457 1465
1457 1467 1465
1457 205 1467
1465 1467 454
314 1466 900
1466 1468 900
1466 454 1468
900 1468 129
81 1469 1440
1469 1470 1440
1469 455 1470
1440 1470 448
455 1471 1470
1471 1472 1470
1471 456 1472
1470 1472 448
455 1473 1471
1473 1474 1471
1473 206 1474
1471 1474 456
448 1472 1441
1472 1475 1441
1472 456 1475
1441 1475 204
206 1476 1474
1476 1477 1474
1476 457 1477
1474 1477 456
457 1478 1477
1478 1479 1477
1478 458 1479
1477 1479 456
457 1480 1478
1480 1481 1478
1480 207 1481
1478 1481 458
456 1479 1475
1479 1482 1475
1479 458 1482
1475 1482 204
206 1483 1476
1483 1484 1476
1483 459 1484
1476 1484 457
459 1485 1484
1485 1486 1484
1485 460 1486
1484 1486 457
459 1487 1485
1487 1488 1485
1487 146 1488
1485 1488 460
457 1486 1480
1486 1489 1480
1486 460 1489
1480 1489 207
204 1482 1445
1482 1490 1445
1482 458 1490
1445 1490 449
458 1491 1490
1491 1492 1490
1491 461 1492
1490 1492 449
458 1481 1491
1481 1493 1491
1481 207 1493
1491 1493 461
449 1492 1446
1492 1494 1446
1492 461 1494
1446 1494 145
146 1495 1488
1495 1496 1488
1495 462 1496
1488 1496 460
462 1497 1496
1497 1498 1496
1497 463 1498
1496 1498 460
462 1499 1497
1499 1500 1497
1499 208 1500
1497 1500 463
460 1498 1489
1498 1501 1489
1498 463 1501
1489 1501 207
208 1502 1500
1502 1503 1500
1502 464 1503
1500 1503 463
464 1504 1503
1504 1505 1503
1504 465 1505
1503 1505 463
464 1506 1504
1506 1507 1504
1506 209 1507
1504 1507 465
463 1505 1501
1505 1508 1501
1505 465 1508
1501 1508 207
208 1509 1502
1509 1510 1502
1509 466 1510
1502 1510 464
466 1511 1510
1511 1512 1510
1511 467 1512
1510 1512 464
466 1513 1511
1513 1514 1511
1513 147 1514
1511 1514 467
464 1512 1506
1512 1515 1506
1512 467 1515
1506 1515 209
207 1508 1493
1508 1516 1493
1508 465 1516
1493 1516 461
465 1517 1516
1517 1518 1516
1517 468 1518
1516 1518 461
465 1507 1517
1507 1519 1517
1507 209 1519
1517 1519 468
461 1518 1494
1518 1520 1494
1518 468 1520
1494 1520 145
146 1521 1495
1521 1522 1495
1521 469 1522
1495 1522 462
469 1523 1522
1523 1524 1522
1523 470 1524
1522 1524 462
469 1525 1523
1525 1526 1523
1525 210 1526
1523 1526 470
462 1524 1499
1524 1527 1499
1524 470 1527
1499 1527 208
210 1528 1526
1528 1529 1526
1528 471 1529
1526 1529 470
471 1530 1529
1530 1531 1529
1530 472 1531
1529 1531 470
471 1532 1530
1532 1533 1530
1532 211 1533
1530 1533 472
470 1531 1527
1531 1534 1527
1531 472 1534
1527 1534 208
210 1535 1528
1535 1536 1528
1535 473 1536
1528 1536 471
473 1537 1536
1537 1538 1536
1537 474 1538
1536 1538 471
473 1539 1537
1539 1540 1537
1539 132 1540
1537 1540 474
471 1538 1532
1538 1541 1532
1538 474 1541
1532 1541 211
208 1534 1509
1534 1542 1509
1534 472 1542
1509 1542 466
472 1543 1542
1543 1544 1542
1543 475 1544
1542 1544 466
472 1533 1543
1533 1545 1543
1533 211 1545
1543 1545 475
466 1544 1513
1544 1546 1513
1544 475 1546
1513 1546 147
145 1520 1462
1520 1547 1462
1520 468 1547
1462 1547 453
468 1548 1547
1548 1549 1547
1548 476 1549
1547 1549 453
468 1519 1548
1519 1550 1548
1519 209 1550
1548 1550 476
453 1549 1463
1549 1551 1463
1549 476 1551
1463 1551 205
209 1552 1550
1552 1553 1550
1552 477 1553
1550 1553 476
477 1554 1553
1554 1555 1553
1554 478 1555
1553 1555 476
477 1556 1554
1556 1557 1554
1556 212 1557
1554 1557 478
476 1555 1551
1555 1558 1551
1555 478 1558
1551 1558 205
209 1515 1552
1515 1559 1552
1515 467 1559
1552 1559 477
467 1560 1559
1560 1561 1559
1560 479 1561
1559 1561 477
467 1514 1560
1514 1562 1560
1514 147 1562
1560 1562 479
477 1561 1556
1561 1563 1556
1561 479 1563
1556 1563 212
205 1558 1467
1558 1564 1467
1558 478 1564
1467 1564 454
478 1565 1564
1565 1566 1564
1565 480 1566
1564 1566 454
478 1557 1565
1557 1567 1565
1557 212 1567
1565 1567 480
454 1566 1468
1566 1568 1468
1566 480 1568
1468 1568 129
81 82 1469
82 1569 1469
82 83 1569
1469 1569 455
83 1570 1569
1570 1571 1569
1570 481 1571
1569 1571 455
83 84 1570
84 1572 1570
84 85 1572
1570 1572 481
455 1571 1473
1571 1573 1473
1571 481 1573
1473 1573 206
85 1574 1572
1574 1575 1572
1574 482 1575
1572 1575 481
482 1576 1575
1576 1577 1575
1576 483 1577
1575 1577 481
482 1578 1576
1578 1579 1576
1578 213 1579
1576 1579 483
481 1577 1573
1577 1580 1573
1577 483 1580
1573 1580 206
85 86 1574
86 1581 1574
86 87 1581
1574 1581 482
87 1582 1581
1582 1583 1581
1582 484 1583
1581 1583 482
87 88 1582
88 1584 1582
88 89 1584
1582 1584 484
482 1583 1578
1583 1585 1578
1583 484 1585
1578 1585 213
206 1580 1483
1580 1586 1483
1580 483 1586
1483 1586 459
483 1587 1586
1587 1588 1586
1587 485 1588
1586 1588 459
483 1579 1587
1579 1589 1587
1579 213 1589
1587 1589 485
459 1588 1487
1588 1590 1487
1588 485 1590
1487 1590 146
89 1591 1584
1591 1592 1584
1591 486 1592
1584 1592 484
486 1593 1592
1593 1594 1592
1593 487 1594
1592 1594 484
486 1595 1593
1595 1596 1593
1595 214 1596
1593 1596 487
484 1594 1585
1594 1597 1585
1594 487 1597
1585 1597 213
214 1598 1596
1598 1599 1596
1598 488 1599
1596 1599 487
488 1600 1599
1600 1601 1599
1600 489 1601
1599 1601 487
488 1602 1600
1602 1603 1600
1602 215 1603
1600 1603 489
487 1601 1597
1601 1604 1597
1601 489 1604
1597 1604 213
214 1605 1598
1605 1606 1598
1605 490 1606
1598 1606 488
490 1607 1606
1607 1608 1606
1607 491 1608
1606 1608 488
490 1609 1607
1609 1610 1607
1609 148 1610
1607 1610 491
488 1608 1602
1608 1611 1602
1608 491 1611
1602 1611 215
213 1604 1589
1604 1612 1589
1604 489 1612
1589 1612 485
489 1613 1612
1613 1614 1612
1613 492 1614
1612 1614 485
489 1603 1613
1603 1615 1613
1603 215 1615
1613 1615 492
485 1614 1590
1614 1616 1590
1614 492 1616
1590 1616 146
89 90 1591
90 1617 1591
90 91 1617
1591 1617 486
91 1618 1617
1618 1619 1617
1618 493 1619
1617 1619 486
91 92 1618
92 1620 1618
92 93 1620
1618 1620 493
486 1619 1595
1619 1621 1595
1619 493 1621
1595 1621 214
93 1622 1620
1622 1623 1620
1622 494 1623
1620 1623 493
494 1624 1623
1624 1625 1623
1624 495 1625
1623 1625 493
494 1626 1624
1626 1627 1624
1626 216 1627
1624 1627 495
493 1625 1621
1625 1628 1621
1625 495 1628
1621 1628 214
93 94 1622
94 1629 1622
94 95 1629
1622 1629 494
95 1630 1629
1630 1631 1629
1630 496 1631
1629 1631 494
95 96 1630
96 1632 1630
96 3 1632
1630 1632 496
494 1631 1626
1631 1633 1626
1631 496 1633
1626 1633 216
214 1628 1605
1628 1634 1605
1628 495 1634
1605 1634 490
495 1635 1634
1635 1636 1634
1635 497 1636
1634 1636 490
495 1627 1635
1627 1637 1635
1627 216 1637
1635 1637 497
490 1636 1609
1636 1638 1609
1636 497 1638
1609 1638 148
146 1616 1521
1616 1639 1521
1616 492 1639
1521 1639 469
492 1640 1639
1640 1641 1639
1640 498 1641
1639 1641 469
492 1615 1640
1615 1642 1640
1615 215 1642
1640 1642 498
469 1641 1525
1641 1643 1525
1641 498 1643
1525 1643 210
215 1644 1642
1644 1645 1642
1644 499 1645
1642 1645 498
499 1646 1645
1646 1647 1645
1646 500 1647
1645 1647 498
499 1648 1646
1648 1649 1646
1648 217 1649
1646 1649 500
498 1647 1643
1647 1650 1643
1647 500 1650
1643 1650 210
215 1611 1644
1611 1651 1644
1611 491 1651
1644 1651 499
491 1652 1651
1652 1653 1651
1652 501 1653
1651 1653 499
491 1610 1652
1610 1654 1652
1610 148 1654
1652 1654 501
499 1653 1648
1653 1655 1648
1653 501 1655
1648 1655 217
210 1650 1535
1650 1656 1535
1650 500 1656
1535 1656 473
500 1657 1656
1657 1658 1656
1657 502 1658
1656 1658 473
500 1649 1657
1649 1659 1657
1649 217 1659
1657 1659 502
473 1658 1539
1658 1660 1539
1658 502 1660
1539 1660 132
129 1568 968
1568 1661 968
1568 480 1661
968 1661 332
480 1662 1661
1662 1663 1661
1662 503 1663
1661 1663 332
480 1567 1662
1567 1664 1662
1567 212 1664
1662 1664 503
332 1663 969
1663 1665 969
1663 503 1665
969 1665 176
212 1666 1664
1666 1667 1664
1666 504 1667
1664 1667 503
504 1668 1667
1668 1669 1667
1668 505 1669
1667 1669 503
504 1670 1668
1670 1671 1668
1670 218 1671
1668 1671 505
503 1669 1665
1669 1672 1665
1669 505 1672
1665 1672 176
212 1563 1666
1563 1673 1666
1563 479 1673
1666 1673 504
479 1674 1673
1674 1675 1673
1674 506 1675
1673 1675 504
479 1562 1674
1562 1676 1674
1562 147 1676
1674 1676 506
504 1675 1670
1675 1677 1670
1675 506 1677
1670 1677 218
176 1672 973
1672 1678 973
1672 505 1678
973 1678 333
505 1679 1678
1679 1680 1678
1679 507 1680
1678 1680 333
505 1671 1679
1671 1681 1679
1671 218 1681
1679 1681 507
333 1680 974
1680 1682 974
1680 507 1682
974 1682 138
147 1683 1676
1683 1684 1676
1683 508 1684
1676 1684 506
508 1685 1684
1685 1686 1684
1685 509 1686
1684 1686 506
508 1687 1685
1687 1688 1685
1687 219 1688
1685 1688 509
506 1686 1677
1686 1689 1677
1686 509 1689
1677 1689 218
219 1690 1688
1690 1691 1688
1690 510 1691
1688 1691 509
510 1692 1691
1692 1693 1691
1692 511 1693
1691 1693 509
510 1694 1692
1694 1695 1692
1694 220 1695
1692 1695 511
509 1693 1689
1693 1696 1689
1693 511 1696
1689 1696 218
219 1697 1690
1697 1698 1690
1697 512 1698
1690 1698 510
512 1699 1698
1699 1700 1698
1699 513 1700
1698 1700 510
512 1701 1699
1701 1702 1699
1701 149 1702
1699 1702 513
510 1700 1694
1700 1703 1694
1700 513 1703
1694 1703 220
218 1696 1681
1696 1704 1681
1696 511 1704
1681 1704 507
511 1705 1704
1705 1706 1704
1705 514 1706
1704 1706 507
511 1695 1705
1695 1707 1705
1695 220 1707
1705 1707 514
507 1706 1682
1706 1708 1682
1706 514 1708
1682 1708 138
147 1546 1683
1546 1709 1683
1546 475 1709
1683 1709 508
475 1710 1709
1710 1711 1709
1710 515 1711
1709 1711 508
475 1545 1710
1545 1712 1710
1545 211 1712
1710 1712 515
508 1711 1687
1711 1713 1687
1711 515 1713
1687 1713 219
211 1714 1712
1714 1715 1712
1714 516 1715
1712 1715 515
516 1716 1715
1716 1717 1715
1716 517 1717
1715 1717 515
516 1718 1716
1718 1719 1716
1718 221 1719
1716 1719 517
515 1717 1713
1717 1720 1713
1717 517 1720
1713 1720 219
211 1541 1714
1541 1721 1714
1541 474 1721
1714 1721 516
474 1722 1721
1722 1723 1721
1722 518 1723
1721 1723 516
474 1540 1722
1540 1724 1722
1540 132 1724
1722 1724 518
516 1723 1718
1723 1725 1718
1723 518 1725
1718 1725 221
219 1720 1697
1720 1726 1697
1720 517 1726
1697 1726 512
517 1727 1726
1727 1728 1726
1727 519 1728
1726 1728 512
517 1719 1727
1719 1729 1727
1719 221 1729
1727 1729 519
512 1728 1701
1728 1730 1701
1728 519 1730
1701 1730 149
138 1708 992
1708 1731 992
1708 514 1731
992 1731 338
514 1732 1731
1732 1733 1731
1732 520 1733
1731 1733 338
514 1707 1732
1707 1734 1732
1707 220 1734
1732 1734 520
338 1733 993
1733 1735 993
1733 520 1735
993 1735 177
220 1736 1734
1736 1737 1734
1736 521 1737
1734 1737 520
521 1738 1737
1738 1739 1737
1738 522 1739
1737 1739 520
521 1740 1738
1740 1741 1738
1740 222 1741
1738 1741 522
520 1739 1735
1739 1742 1735
1739 522 1742
1735 1742 177
220 1703 1736
1703 1743 1736
1703 513 1743
1736 1743 521
513 1744 1743
1744 1745 1743
1744 523 1745
1743 1745 521
513 1702 1744
1702 1746 1744
1702 149 1746
1744 1746 523
521 1745 1740
1745 1747 1740
1745 523 1747
1740 1747 222
177 1742 998
1742 1748 998
1742 522 1748
998 1748 339
522 1749 1748
1749 1750 1748
1749 524 1750
1748 1750 339
522 1741 1749
1741 1751 1749
1741 222 1751
1749 1751 524
339 1750 999
1750 1752 999
1750 524 1752
999 1752 128
3 97 1632
97 1753 1632
97 98 1753
1632 1753 496
98 1754 1753
1754 1755 1753
1754 525 1755
1753 1755 496
98 99 1754
99 1756 1754
99 100 1756
1754 1756 525
496 1755 1633
1755 1757 1633
1755 525 1757
1633 1757 216
100 1758 1756
1758 1759 1756
1758 526 1759
1756 1759 525
526 1760 1759
1760 1761 1759
1760 527 1761
1759 1761 525
526 1762 1760
1762 1763 1760
1762 223 1763
1760 1763 527
525 1761 1757
1761 1764 1757
1761 527 1764
1757 1764 216
100 101 1758
101 1765 1758
101 102 1765
1758 1765 526
102 1766 1765
1766 1767 1765
1766 528 1767
1765 1767 526
102 103 1766
103 1768 1766
103 104 1768
1766 1768 528
526 1767 1762
1767 1769 1762
1767 528 1769
1762 1769 223
216 1764 1637
1764 1770 1637
1764 527 1770
1637 1770 497
527 1771 1770
1771 1772 1770
1771 529 1772
1770 1772 497
527 1763 1771
1763 1773 1771
1763 223 1773
1771 1773 529
497 1772 1638
1772 1774 1638
1772 529 1774
1638 1774 148
104 1775 1768
1775 1776 1768
1775 530 1776
1768 1776 528
530 1777 1776
1777 1778 1776
1777 531 1778
1776 1778 528
530 1779 1777
1779 1780 1777
1779 224 1780
1777 1780 531
528 1778 1769
1778 1781 1769
1778 531 1781
1769 1781 223
224 1782 1780
1782 1783 1780
1782 532 1783
1780 1783 531
532 1784 1783
1784 1785 1783
1784 533 1785
1783 1785 531
532 1786 1784
1786 1787 1784
1786 225 1787
1784 1787 533
531 1785 1781
1785 1788 1781
1785 533 1788
1781 1788 223
224 1789 1782
1789 1790 1782
1789 534 1790
1782 1790 532
534 1791 1790
1791 1792 1790
1791 535 1792
1790 1792 532
534 1793 1791
1793 1794 1791
1793 150 1794
1791 1794 535
532 1792 1786
1792 1795 1786
1792 535 1795
1786 1795 225
223 1788 1773
1788 1796 1773
1788 533 1796
1773 1796 529
533 1797 1796
1797 1798 1796
1797 536 1798
1796 1798 529
533 1787 1797
1787 1799 1797
1787 225 1799
1797 1799 536
529 1798 1774
1798 1800 1774
1798 536 1800
1774 1800 148
104 105 1775
105 1801 1775
105 106 1801
1775 1801 530
106 1802 1801
1802 1803 1801
1802 537 1803
1801 1803 530
106 107 1802
107 1804 1802
107 108 1804
1802 1804 537
530 1803 1779
1803 1805 1779
1803 537 1805
1779 1805 224
108 1806 1804
1806 1807 1804
1806 538 1807
1804 1807 537
538 1808 1807
1808 1809 1807
1808 539 1809
1807 1809 537
538 1810 1808
1810 1811 1808
1810 226 1811
1808 1811 539
537 1809 1805
1809 1812 1805
1809 539 1812
1805 1812 224
108 109 1806
109 1813 1806
109 110 1813
1806 1813 538
110 1814 1813
1814 1815 1813
1814 540 1815
1813 1815 538
110 111 1814
111 1816 1814
111 112 1816
1814 1816 540
538 1815 1810
1815 1817 1810
1815 540 1817
1810 1817 226
224 1812 1789
1812 1818 1789
1812 539 1818
1789 1818 534
539 1819 1818
1819 1820 1818
1819 541 1820
1818 1820 534
539 1811 1819
1811 1821 1819
1811 226 1821
1819 1821 541
534 1820 1793
1820 1822 1793
1820 541 1822
1793 1822 150
148 1800 1654
1800 1823 1654
1800 536 1823
1654 1823 501
536 1824 1823
1824 1825 1823
1824 542 1825
1823 1825 501
536 1799 1824
1799 1826 1824
1799 225 1826
1824 1826 542
501 1825 1655
1825 1827 1655
1825 542 1827
1655 1827 217
225 1828 1826
1828 1829 1826
1828 543 1829
1826 1829 542
543 1830 1829
1830 1831 1829
1830 544 1831
1829 1831 542
543 1832 1830
1832 1833 1830
1832 227 1833
1830 1833 544
542 1831 1827
1831 1834 1827
1831 544 1834
1827 1834 217
225 1795 1828
1795 1835 1828
1795 535 1835
1828 1835 543
535 1836 1835
1836 1837 1835
1836 545 1837
1835 1837 543
535 1794 1836
1794 1838 1836
1794 150 1838
1836 1838 545
543 1837 1832
1837 1839 1832
1837 545 1839
1832 1839 227
217 1834 1659
1834 1840 1659
1834 544 1840
1659 1840 502
544 1841 1840
1841 1842 1840
1841 546 1842
1840 1842 502
544 1833 1841
1833 1843 1841
1833 227 1843
1841 1843 546
502 1842 1660
1842 1844 1660
1842 546 1844
1660 1844 132
112 1845 1816
1845 1846 1816
1845 547 1846
1816 1846 540
547 1847 1846
1847 1848 1846
1847 548 1848
1846 1848 540
547 1849 1847
1849 1850 1847
1849 228 1850
1847 1850 548
540 1848 1817
1848 1851 1817
1848 548 1851
1817 1851 226
228 1852 1850
1852 1853 1850
1852 549 1853
1850 1853 548
549 1854 1853
1854 1855 1853
1854 550 1855
1853 1855 548
549 1856 1854
1856 1857 1854
1856 229 1857
1854 1857 550
548 1855 1851
1855 1858 1851
1855 550 1858
1851 1858 226
228 1859 1852
1859 1860 1852
1859 551 1860
1852 1860 549
551 1861 1860
1861 1862 1860
1861 552 1862
1860 1862 549
551 1863 1861
1863 1864 1861
1863 151 1864
1861 1864 552
549 1862 1856
1862 1865 1856
1862 552 1865
1856 1865 229
226 1858 1821
1858 1866 1821
1858 550 1866
1821 1866 541
550 1867 1866
1867 1868 1866
1867 553 1868
1866 1868 541
550 1857 1867
1857 1869 1867
1857 229 1869
1867 1869 553
541 1868 1822
1868 1870 1822
1868 553 1870
1822 1870 150
151 1871 1864
1871 1872 1864
1871 554 1872
1864 1872 552
554 1873 1872
1873 1874 1872
1873 555 1874
1872 1874 552
554 1875 1873
1875 1876 1873
1875 230 1876
1873 1876 555
552 1874 1865
1874 1877 1865
1874 555 1877
1865 1877 229
230 1878 1876
1878 1879 1876
1878 556 1879
1876 1879 555
556 1880 1879
1880 1881 1879
1880 557 1881
1879 1881 555
556 1882 1880
1882 1883 1880
1882 231 1883
1880 1883 557
555 1881 1877
1881 1884 1877
1881 557 1884
1877 1884 229
230 1885 1878
1885 1886 1878
1885 558 1886
1878 1886 556
558 1887 1886
1887 1888 1886
1887 559 1888
1886 1888 556
558 1889 1887
1889 1890 1887
1889 152 1890
1887 1890 559
556 1888 1882
1888 1891 1882
1888 559 1891
1882 1891 231
229 1884 1869
1884 1892 1869
1884 557 1892
1869 1892 553
557 1893 1892
1893 1894 1892
1893 560 1894
1892 1894 553
557 1883 1893
1883 1895 1893
1883 231 1895
1893 1895 560
553 1894 1870
1894 1896 1870
1894 560 1896
1870 1896 150
151 1897 1871
1897 1898 1871
1897 561 1898
1871 1898 554
561 1899 1898
1899 1900 1898
1899 562 1900
1898 1900 554
561 1901 1899
1901 1902 1899
1901 232 1902
1899 1902 562
554 1900 1875
1900 1903 1875
1900 562 1903
1875 1903 230
232 1904 1902
1904 1905 1902
1904 563 1905
1902 1905 562
563 1906 1905
1906 1907 1905
1906 564 1907
1905 1907 562
563 1908 1906
1908 1909 1906
1908 233 1909
1906 1909 564
562 1907 1903
1907 1910 1903
1907 564 1910
1903 1910 230
232 1911 1904
1911 1912 1904
1911 565 1912
1904 1912 563
565 1913 1912
1913 1914 1912
1913 566 1914
1912 1914 563
565 1915 1913
1915 1916 1913
1915 131 1916
1913 1916 566
563 1914 1908
1914 1917 1908
1914 566 1917
1908 1917 233
230 1910 1885
1910 1918 1885
1910 564 1918
1885 1918 558
564 1919 1918
1919 1920 1918
1919 567 1920
1918 1920 558
564 1909 1919
1909 1921 1919
1909 233 1921
1919 1921 567
558 1920 1889
1920 1922 1889
1920 567 1922
1889 1922 152
150 1896 1838
1896 1923 1838
1896 560 1923
1838 1923 545
560 1924 1923
1924 1925 1923
1924 568 1925
1923 1925 545
560 1895 1924
1895 1926 1924
1895 231 1926
1924 1926 568
545 1925 1839
1925 1927 1839
1925 568 1927
1839 1927 227
231 1928 1926
1928 1929 1926
1928 569 1929
1926 1929 568
569 1930 1929
1930 1931 1929
1930 570 1931
1929 1931 568
569 1932 1930
1932 1933 1930
1932 234 1933
1930 1933 570
568 1931 1927
1931 1934 1927
1931 570 1934
1927 1934 227
231 1891 1928
1891 1935 1928
1891 559 1935
1928 1935 569
559 1936 1935
1936 1937 1935
1936 571 1937
1935 1937 569
559 1890 1936
1890 1938 1936
1890 152 1938
1936 1938 571
569 1937 1932
1937 1939 1932
1937 571 1939
1932 1939 234
227 1934 1843
1934 1940 1843
1934 570 1940
1843 1940 546
570 1941 1940
1941 1942 1940
1941 572 1942
1940 1942 546
570 1933 1941
1933 1943 1941
1933 234 1943
1941 1943 572
546 1942 1844
1942 1944 1844
1942 572 1944
1844 1944 132
112 113 1845
113 1945 1845
113 114 1945
1845 1945 547
114 1946 1945
1946 1947 1945
1946 573 1947
1945 1947 547
114 115 1946
115 1948 1946
115 116 1948
1946 1948 573
547 1947 1849
1947 1949 1849
1947 573 1949
1849 1949 228
116 1950 1948
1950 1951 1948
1950 574 1951
1948 1951 573
574 1952 1951
1952 1953 1951
1952 575 1953
1951 1953 573
574 1954 1952
1954 1955 1952
1954 235 1955
1952 1955 575
573 1953 1949
1953 1956 1949
1953 575 1956
1949 1956 228
116 117 1950
117 1957 1950
117 118 1957
1950 1957 574
118 1958 1957
1958 1959 1957
1958 576 1959
1957 1959 574
118 119 1958
119 1960 1958
119 120 1960
1958 1960 576
574 1959 1954
1959 1961 1954
1959 576 1961
1954 1961 235
228 1956 1859
1956 1962 1859
1956 575 1962
1859 1962 551
575 1963 1962
1963 1964 1962
1963 577 1964
1962 1964 551
575 1955 1963
1955 1965 1963
1955 235 1965
1963 1965 577
551 1964 1863
1964 1966 1863
1964 577 1966
1863 1966 151
120 1967 1960
1967 1968 1960
1967 578 1968
1960 1968 576
578 1969 1968
1969 1970 1968
1969 579 1970
1968 1970 576
578 1971 1969
1971 1972 1969
1971 236 1972
1969 1972 579
576 1970 1961
1970 1973 1961
1970 579 1973
1961 1973 235
236 1974 1972
1974 1975 1972
1974 580 1975
1972 1975 579
580 1976 1975
1976 1977 1975
1976 581 1977
1975 1977 579
580 1978 1976
1978 1979 1976
1978 237 1979
1976 1979 581
579 1977 1973
1977 1980 1973
1977 581 1980
1973 1980 235
236 1981 1974
1981 1982 1974
1981 582 1982
1974 1982 580
582 1983 1982
1983 1984 1982
1983 583 1984
1982 1984 580
582 1985 1983
1985 1986 1983
1985 141 1986
1983 1986 583
580 1984 1978
1984 1987 1978
1984 583 1987
1978 1987 237
235 1980 1965
1980 1988 1965
1980 581 1988
1965 1988 577
581 1989 1988
1989 1990 1988
1989 584 1990
1988 1990 577
581 1979 1989
1979 1991 1989
1979 237 1991
1989 1991 584
577 1990 1966
1990 1992 1966
1990 584 1992
1966 1992 151
120 121 1967
121 1993 1967
121 122 1993
1967 1993 578
122 1994 1993
1994 1995 1993
1994 585 1995
1993 1995 578
122 123 1994
123 1996 1994
123 124 1996
1994 1996 585
578 1995 1971
1995 1997 1971
1995 585 1997
1971 1997 236
124 1998 1996
1998 1999 1996
1998 586 1999
1996 1999 585
586 2000 1999
2000 2001 1999
2000 587 2001
1999 2001 585
586 2002 2000
2002 2003 2000
2002 180 2003
2000 2003 587
585 2001 1997
2001 2004 1997
2001 587 2004
1997 2004 236
124 125 1998
125 2005 1998
125 126 2005
1998 2005 586
126 2006 2005
2006 2007 2005
2006 342 2007
2005 2007 586
126 127 2006
127 1002 2006
127 2 1002
2006 1002 342
586 2007 2002
2007 1007 2002
2007 342 1007
2002 1007 180
236 2004 1981
2004 2008 1981
2004 587 2008
1981 2008 582
587 2009 2008
2009 2010 2008
2009 347 2010
2008 2010 582
587 2003 2009
2003 1021 2009
2003 180 1021
2009 1021 347
582 2010 1985
2010 1026 1985
2010 347 1026
1985 1026 141
151 1992 1897
1992 2011 1897
1992 584 2011
1897 2011 561
584 2012 2011
2012 2013 2011
2012 588 2013
2011 2013 561
584 1991 2012
1991 2014 2012
1991 237 2014
2012 2014 588
561 2013 1901
2013 2015 1901
2013 588 2015
1901 2015 232
237 2016 2014
2016 2017 2014
2016 589 2017
2014 2017 588
589 2018 2017
2018 2019 2017
2018 590 2019
2017 2019 588
589 2020 2018
2020 2021 2018
2020 185 2021
2018 2021 590
588 2019 2015
2019 2022 2015
2019 590 2022
2015 2022 232
237 1987 2016
1987 2023 2016
1987 583 2023
2016 2023 589
583 2024 2023
2024 2025 2023
2024 361 2025
2023 2025 589
583 1986 2024
1986 1076 2024
1986 141 1076
2024 1076 361
589 2025 2020
2025 1081 2020
2025 361 1081
2020 1081 185
232 2022 1911
2022 2026 1911
2022 590 2026
1911 2026 565
590 2027 2026
2027 2028 2026
2027 366 2028
2026 2028 565
590 2021 2027
2021 1095 2027
2021 185 1095
2027 1095 366
565 2028 1915
2028 1100 1915
2028 366 1100
1915 1100 131
132 1944 1724
1944 2029 1724
1944 572 2029
1724 2029 518
572 2030 2029
2030 2031 2029
2030 591 2031
2029 2031 518
572 1943 2030
1943 2032 2030
1943 234 2032
2030 2032 591
518 2031 1725
2031 2033 1725
2031 591 2033
1725 2033 221
234 2034 2032
2034 2035 2032
2034 592 2035
2032 2035 591
592 2036 2035
2036 2037 2035
2036 593 2037
2035 2037 591
592 2038 2036
2038 2039 2036
2038 238 2039
2036 2039 593
591 2037 2033
2037 2040 2033
2037 593 2040
2033 2040 221
234 1939 2034
1939 2041 2034
1939 571 2041
2034 2041 592
571 2042 2041
2042 2043 2041
2042 594 2043
2041 2043 592
571 1938 2042
1938 2044 2042
1938 152 2044
2042 2044 594
592 2043 2038
2043 2045 2038
2043 594 2045
2038 2045 238
221 2040 1729
2040 2046 1729
2040 593 2046
1729 2046 519
593 2047 2046
2047 2048 2046
2047 595 2048
2046 2048 519
593 2039 2047
2039 2049 2047
2039 238 2049
2047 2049 595
519 2048 1730
2048 2050 1730
2048 595 2050
1730 2050 149
152 2051 2044
2051 2052 2044
2051 596 2052
2044 2052 594
596 2053 2052
2053 2054 2052
2053 597 2054
2052 2054 594
596 2055 2053
2055 2056 2053
2055 239 2056
2053 2056 597
594 2054 2045
2054 2057 2045
2054 597 2057
2045 2057 238
239 2058 2056
2058 2059 2056
2058 598 2059
2056 2059 597
598 2060 2059
2060 2061 2059
2060 599 2061
2059 2061 597
598 2062 2060
2062 2063 2060
2062 240 2063
2060 2063 599
597 2061 2057
2061 2064 2057
2061 599 2064
2057 2064 238
239 2065 2058
2065 2066 2058
2065 600 2066
2058 2066 598
600 2067 2066
2067 2068 2066
2067 601 2068
2066 2068 598
600 2069 2067
2069 2070 2067
2069 144 2070
2067 2070 601
598 2068 2062
2068 2071 2062
2068 601 2071
2062 2071 240
238 2064 2049
2064 2072 2049
2064 599 2072
2049 2072 595
599 2073 2072
2073 2074 2072
2073 602 2074
2072 2074 595
599 2063 2073
2063 2075 2073
2063 240 2075
2073 2075 602
595 2074 2050
2074 2076 2050
2074 602 2076
2050 2076 149
152 1922 2051
1922 2077 2051
1922 567 2077
2051 2077 596
567 2078 2077
2078 2079 2077
2078 603 2079
2077 2079 596
567 1921 2078
1921 2080 2078
1921 233 2080
2078 2080 603
596 2079 2055
2079 2081 2055
2079 603 2081
2055 2081 239
233 2082 2080
2082 2083 2080
2082 604 2083
2080 2083 603
604 2084 2083
2084 2085 2083
2084 605 2085
2083 2085 603
604 2086 2084
2086 2087 2084
2086 197 2087
2084 2087 605
603 2085 2081
2085 2088 2081
2085 605 2088
2081 2088 239
233 1917 2082
1917 2089 2082
1917 566 2089
2082 2089 604
566 2090 2089
2090 2091 2089
2090 412 2091
2089 2091 604
566 1916 2090
1916 1286 2090
1916 131 1286
2090 1286 412
604 2091 2086
2091 1291 2086
2091 412 1291
2086 1291 197
239 2088 2065
2088 2092 2065
2088 605 2092
2065 2092 600
605 2093 2092
2093 2094 2092
2093 417 2094
2092 2094 600
605 2087 2093
2087 1305 2093
2087 197 1305
2093 1305 417
600 2094 2069
2094 1310 2069
2094 417 1310
2069 1310 144
149 2076 1746
2076 2095 1746
2076 602 2095
1746 2095 523
602 2096 2095
2096 2097 2095
2096 606 2097
2095 2097 523
602 2075 2096
2075 2098 2096
2075 240 2098
2096 2098 606
523 2097 1747
2097 2099 1747
2097 606 2099
1747 2099 222
240 2100 2098
2100 2101 2098
2100 607 2101
2098 2101 606
607 2102 2101
2102 2103 2101
2102 608 2103
2101 2103 606
607 2104 2102
2104 2105 2102
2104 200 2105
2102 2105 608
606 2103 2099
2103 2106 2099
2103 608 2106
2099 2106 222
240 2071 2100
2071 2107 2100
2071 601 2107
2100 2107 607
601 2108 2107
2108 2109 2107
2108 429 2109
2107 2109 607
601 2070 2108
2070 1356 2108
2070 144 1356
2108 1356 429
607 2109 2104
2109 1361 2104
2109 429 1361
2104 1361 200
222 2106 1751
2106 2110 1751
2106 608 2110
1751 2110 524
608 2111 2110
2111 2112 2110
2111 432 2112
2110 2112 524
608 2105 2111
2105 1373 2111
2105 200 1373
2111 1373 432
524 2112 1752
2112 1376 1752
2112 432 1376
1752 1376 128
