0.0
0.0
0.0
1.0
0.0
0.0
0.0
0.0
0.0
0.0
0.0
0.0
0.0
0.0
0.0
0.0
0.0
0.0
0.0
0.0
0.0
0.0
0.0
0.0
0.0
0.0
0.0
0.0
0.0
0.0
0.0
0.0
0.0
0.0
0.0624999999998706
0.124999999999774
0.187499999999591
0.249999999999408
0.312499999999224
0.37499999999904
0.437499999998856
0.499999999998672
0.562499999998838
0.624999999999004
0.68749999999917
0.749999999999336
0.812499999999502
0.874999999999668
0.937499999999834
0.937500000000032
0.875000000000025
0.812500000000258
0.750000000000413
0.687500000000704
0.625000000000951
0.562500000001097
0.50000000000133
0.437500000001164
0.375000000000998
0.312500000000832
0.250000000000665
0.187500000000499
0.125000000000333
0.0625000000001663
0.2500531055726521
0.18755266512637092
0.06255280103643959
0.18755266512636193
0.5625531748929053
0.04692760106350116
0.015676667840505393
0.07817750975274988
0.12505287761430262
0.10942704678878014
0.2344279255259458
0.14067801689820852
0.07817750975291232
0.10942704678877369
0.04692760106366571
0.1250528776142968
0.23442792552594194
0.3281774866395187
0.5469277626637811
0.3750529283131009
0.7656780858776834
0.39067814795873396
0.5469277626649415
0.3281774866406783
0.3750529283130944
0.011769510119034259
0.003953923261210827
0.01958100812980988
0.031303462196581755
0.027393473886959094
0.05864720448825592
0.03520876894257438
0.03520598636614694
0.06255247706410702
0.10552136869659832
0.0820840745725836
0.12895890722803738
0.1563026241127047
0.0938033577602011
0.0430184923638136
0.050831219183664074
0.09380252152066776
0.05864542989024477
0.1523964502287562
0.13677204340236782
0.0977091867975759
0.17583415336519753
0.18755325197852757
0.21489636577005083
0.24614697987648482
0.19145931873009092
0.050831219183694404
0.058645429890239985
0.0430184923638849
0.09380252152074807
0.03520598636626796
0.128958907228158
0.15239645022874987
0.027393473887082256
0.06255247706426914
0.08208407457270483
0.1055213686967183
0.05864720448837729
0.09380335776019322
0.15630262411269727
0.01958100812988743
0.011769510119070115
0.03130346219666072
0.1758341533651937
0.2148963657700456
0.13677204340236204
0.18755325197852216
0.24614697987647946
0.17582928277391252
0.29301863864280486
0.21880255404339702
0.41020598227450006
0.2539588978882654
0.5273934691972294
0.4375524868305182
0.45708416844615096
0.3555213815064459
0.5586469143577965
0.46880318228271695
0.2813026292355282
0.6445812356508508
0.7617689533177555
0.6563030016781347
0.8789574707796369
0.6602094289410988
0.30083418010579205
0.38677194407344617
0.31255320747898674
0.4727094129903126
0.31645938120606415
0.7617689533182573
0.6445812356519741
0.6563030016787136
0.5273934691990972
0.558646914358334
0.41020598227636634
0.43755248683167697
0.3555213815069813
0.45708416844668687
0.25395889788880205
0.28130262923552074
0.4688031822827102
0.29301863864401406
0.17582928277449916
0.21880255404397622
0.3867719440734413
0.30083418010578794
0.31255320747898185
0.0029715150403281506
0.001015889199288592
0.004923804965329943
0.007863492716282706
0.006876358686653722
0.014701259096591947
0.008839543120453288
0.008829308448432029
0.015675064073119742
0.026419599356942422
0.020560823071168327
0.03227859491878536
0.03911550235888299
0.023490634887727294
0.01078241272573918
0.012735544916047118
0.023487209112724318
0.014688673916300245
0.03813788001950433
0.03423285422062029
0.024466289323828855
0.043998812207590665
0.04692815880786365
0.05376409289147126
0.06157658931932448
0.04790425252108596
0.016641799388615368
0.031299734251897554
0.04985666201998472
0.04399726934007514
0.05571604061432692
0.07036499954490431
0.05473997108647656
0.09282605764605245
0.08306040687565305
0.09380264159087459
0.07329478949977211
0.11626359812421329
0.10259191917664415
0.0635293259490291
0.102591695327641
0.11724014494343363
0.14360733320933938
0.12993543575079505
0.1572792247751333
0.1719276413955119
0.14067767512562565
0.07036569290176908
0.08892038456201595
0.07524871475866063
0.10942819059838069
0.07817814943746165
0.018594924404376753
0.020548047928223914
0.039112234214311134
0.022501180629238598
0.061575420016039176
0.024454260354465292
0.04692469447761617
0.0732942647681188
0.0674347692648443
0.07915316560866523
0.10161505056657805
0.08599000283130956
0.026407699506483157
0.028359370702577935
0.05473553597750663
0.0303778505142434
0.08501183281244833
0.11235731510212019
0.12212299029270113
0.14067767007370124
0.13188859802745898
0.17095111733976953
0.09673283760749192
0.07915444146391967
0.11431113449577912
0.11724065236598423
0.13188911806123715
0.13970159284435907
0.11821704391341514
0.14946695518047018
0.1563031695650693
0.18267034620527783
0.16118608277301033
0.20415447478306695
0.21099064566786271
0.16411565845898027
0.16704487520563283
0.18462293906347915
0.19536520213784578
0.20220107298981294
0.22563863862490127
0.1904828495483601
0.16509210802691726
0.2158735457134364
0.21880316490225585
0.24126409471348498
0.2490765910820868
0.21977965600031238
0.028359370702582015
0.030377850514237376
0.026407699506494114
0.05473553597752222
0.024454260354488253
0.0791531656086879
0.08501183281244226
0.022501180629270603
0.04692469447766714
0.06743476926492849
0.07329426476817137
0.06157542001615508
0.08599000283143242
0.10161505056661738
0.02054804792827064
0.01859492440443676
0.03911223421440853
0.016641799388684916
0.05571604061447919
0.12212299029275114
0.13188859802745176
0.11235731510222197
0.14067767007376225
0.10259169532779316
0.15727922477520354
0.17095111733976492
0.014688673916371735
0.03129973425201815
0.04399726934022763
0.049856662020135646
0.03813788001965844
0.054739971086639555
0.07036499954506514
0.0635293259491819
0.07329478949992446
0.09380264159099558
0.08306040687580454
0.1025919191767139
0.11626359812428283
0.09282605764620266
0.05376409289162515
0.07036569290189018
0.07524871475872877
0.08892038456208515
0.06157658931939358
0.07817814943745413
0.10942819059837411
0.1172401449435524
0.12993543575086342
0.14360733320940644
0.14067767512561963
0.1719276413955038
0.012735544916105717
0.010782412725787222
0.023487209112823114
0.008829308448469127
0.03227859491890428
0.006876358686680644
0.015675064073176523
0.020560823071224914
0.02641959935703079
0.014701259096617014
0.02349063488776415
0.03911550235900367
0.004923804965345669
0.0029715150403337052
0.00786349271629875
0.04399881220768949
0.034232854220667214
0.04692815880791991
0.18462293906347343
0.20220107298980636
0.16704487520562838
0.19536520213784164
0.14946695518046613
0.20415447478306306
0.22563863862489733
0.13188911806123219
0.1563031695650646
0.16118608277300472
0.18267034620527314
0.1397015928443548
0.16411565845897624
0.21099064566785797
0.11431113449577293
0.09673283760748638
0.11724065236597953
0.21587354571343115
0.2412640947134801
0.19048284954835631
0.21880316490225227
0.24907659108208324
0.09089984128932682
0.15143382870701844
0.11723458540037843
0.21197789153824712
0.14165428509692685
0.2725253601714072
0.2344244434304262
0.2549363203146384
0.1982956449293407
0.3115768449974169
0.27349002206759704
0.16411500639251783
0.33307285961796523
0.39361987322725506
0.35161234036449834
0.45416668295935503
0.3682174013109214
0.18462305578300894
0.23735741654489698
0.20317767672664122
0.2900917577409775
0.21977922460878974
0.5147134993417499
0.4687996866652601
0.4814986580442104
0.42485800099331966
0.5381393930878123
0.4922400951183452
0.3828649621210669
0.5010295279784613
0.4482949798844655
0.40630273951549484
0.3955604966197085
0.41509199284001186
0.36626368229401896
0.34282610272172115
0.5537640614119662
0.507865581729928
0.5127484925551834
0.4639202866938612
0.5615766248624008
0.5156781828032234
0.42192810353304
0.30474011740611995
0.3174354502767085
0.26860731808186517
0.32817773504322467
0.2344276306094213
0.5752603994690468
0.635807396753776
0.5859873297197881
0.6963544560628927
0.5947801817779289
0.7569015060126678
0.7031751268672288
0.7080616719402493
0.6514209576400267
0.7647023162148916
0.7109905272120897
0.6016154165845985
0.8174485107406986
0.8779952664917844
0.82036277454861
0.9385389899162925
0.8213427125331672
0.6064985207427207
0.6592329141010634
0.6094281778608404
0.7119672764068217
0.6104047442246978
0.24712293576026143
0.29204491486970374
0.25786521696385795
0.3369669921264212
0.26665449257959856
0.3818890495949455
0.34380312098028976
0.3486860130341939
0.30767031883852874
0.38970161279186033
0.3516156714823388
0.27349064307550136
0.4268110008073583
0.4717328686749628
0.42974067838958746
0.5166547320408355
0.43071721833569954
0.27837352805121235
0.31548285421385397
0.28130316059831995
0.3525922020664877
0.28227968621400634
0.8779952664919577
0.8174485107411293
0.820362774548864
0.7569015060134441
0.7647023162151355
0.6963544560639908
0.7031751268680407
0.6514209576408685
0.7080616719407918
0.594780181779072
0.601615416585467
0.7109905272123809
0.6358073967552971
0.5752603994709514
0.5859873297212822
0.5147134993440021
0.5381393930893162
0.6592329141013428
0.6064985207432781
0.6094281778611087
0.5537640614128043
0.5615766248626589
0.4541666829616039
0.4687996866671264
0.4248580009948229
0.48149865804571196
0.3682174013124242
0.38286496212222637
0.4922400951195032
0.3428261027225584
0.39556049662054515
0.4063027395160307
0.4482949798853024
0.36626368229427353
0.4150919928402665
0.5010295279792977
0.2900917577418151
0.30474011740665574
0.2686073180821191
0.3174354502769624
0.21977922460904395
0.23442763060941307
0.3281777350432181
0.507865581730463
0.4639202866941154
0.5127484925554371
0.4219281035330329
0.5156781828032176
0.39361987322916386
0.3330728596195363
0.35161234036603567
0.27252536017263856
0.3115768449986011
0.2119778915391568
0.23442444343132426
0.19829564492992371
0.2549363203155227
0.1416542850972073
0.16411500639280435
0.2734900220684661
0.15143382870758995
0.09089984128959347
0.11723458540066974
0.23735741654545509
0.1846230557832857
0.2031776767269081
0.4717328686749605
0.426811000807354
0.4297406783895842
0.38188904959494124
0.3897016127918573
0.3369669921264176
0.34380312098028487
0.3076703188385241
0.348686013034189
0.2666544925795946
0.2734906430754965
0.3516156714823356
0.2920449148697002
0.24712293576025676
0.2578652169638538
0.31548285421385064
0.27837352805120724
0.2813031605983166
