0 0 0
1 0 0
0 1 0
1 1 0
0 0.937500000000032 0
0 0.875000000000025 0
0 0.812500000000258 0
0 0.750000000000413 0
0 0.687500000000704 0
0 0.625000000000951 0
0 0.562500000001097 0
0 0.50000000000133 0
0 0.437500000001164 0
0 0.375000000000998 0
0 0.312500000000832 0
0 0.250000000000665 0
0 0.187500000000499 0
0 0.125000000000333 0
0 0.0625000000001663 0
0.0624999999998706 0 0
0.124999999999774 0 0
0.187499999999591 0 0
0.249999999999408 0 0
0.312499999999224 0 0
0.37499999999904 0 0
0.437499999998856 0 0
0.499999999998672 0 0
0.562499999998838 0 0
0.624999999999004 0 0
0.68749999999917 0 0
0.749999999999336 0 0
0.812499999999502 0 0
0.874999999999668 0 0
0.937499999999834 0 0
1 0.0624999999998706 0
1 0.124999999999774 0
1 0.187499999999591 0
1 0.249999999999408 0
1 0.312499999999224 0
1 0.37499999999904 0
1 0.437499999998856 0
1 0.499999999998672 0
1 0.562499999998838 0
1 0.624999999999004 0
1 0.68749999999917 0
1 0.749999999999336 0
1 0.812499999999502 0
1 0.874999999999668 0
1 0.937499999999834 0
0.937500000000032 1 0
0.875000000000025 1 0
0.812500000000258 1 0
0.750000000000413 1 0
0.687500000000704 1 0
0.625000000000951 1 0
0.562500000001097 1 0
0.50000000000133 1 0
0.437500000001164 1 0
0.375000000000998 1 0
0.312500000000832 1 0
0.250000000000665 1 0
0.187500000000499 1 0
0.125000000000333 1 0
0.0625000000001663 1 0
0.5 0.5 0
0.75 0.25 0
0.25 0.25 0
0.25 0.75 0
0.75 0.75 0
0.374999999999336 0.125 0
0.125 0.125 0
0.624999999999336 0.125 0
0.5 0.25 0
0.875 0.125 0
0.625 0.375 0
0.375 0.375 0
0.125 0.625000000000665 0
0.125 0.875 0
0.125 0.375000000000665 0
0.25 0.5 0
0.375 0.625 0
0.875 0.374999999999336 0
0.875 0.624999999999336 0
0.75 0.5 0
0.875 0.875 0
0.625 0.625 0
0.625000000000665 0.875 0
0.375000000000665 0.875 0
0.5 0.75 0
0.187499999999704 0.0625 0
0.0625 0.0625 0
0.312499999999372 0.0625 0
0.249999999999668 0.125 0
0.437499999999004 0.0625 0
0.312499999999668 0.1875 0
0.1875 0.1875 0
0.562499999999004 0.0625 0
0.499999999999336 0.125 0
0.562499999999668 0.1875 0
0.437499999999668 0.1875 0
0.687499999999668 0.1875 0
0.625 0.25 0
0.375 0.25 0
0.687499999999336 0.0625 0
0.812499999999668 0.0625 0
0.749999999999668 0.125 0
0.9375 0.0625 0
0.8125 0.1875 0
0.4375 0.3125 0
0.3125 0.3125 0
0.5625 0.3125 0
0.5 0.375 0
0.6875 0.3125 0
0.5625 0.4375 0
0.4375 0.4375 0
0.0625 0.812500000000206 0
0.0625 0.9375 0
0.0625 0.687500000000539 0
0.125 0.750000000000333 0
0.0625 0.562500000000998 0
0.1875 0.687500000000333 0
0.1875 0.8125 0
0.0625 0.437500000000998 0
0.125 0.500000000000665 0
0.1875 0.437500000000333 0
0.1875 0.562500000000333 0
0.1875 0.312500000000333 0
0.25 0.375 0
0.25 0.625 0
0.0625 0.312500000000665 0
0.0625 0.187500000000333 0
0.125 0.250000000000333 0
0.3125 0.5625 0
0.3125 0.6875 0
0.3125 0.4375 0
0.375 0.5 0
0.4375 0.5625 0
0.9375 0.187499999999704 0
0.9375 0.312499999999372 0
0.875 0.249999999999668 0
0.9375 0.437499999999004 0
0.8125 0.312499999999668 0
0.9375 0.562499999999004 0
0.875 0.499999999999336 0
0.8125 0.562499999999668 0
0.8125 0.437499999999668 0
0.8125 0.687499999999668 0
0.75 0.625 0
0.75 0.375 0
0.9375 0.687499999999336 0
0.9375 0.812499999999668 0
0.875 0.749999999999668 0
0.9375 0.9375 0
0.8125 0.8125 0
0.6875 0.4375 0
0.6875 0.5625 0
0.625 0.5 0
0.6875 0.6875 0
0.5625 0.5625 0
0.812500000000206 0.9375 0
0.687500000000539 0.9375 0
0.750000000000333 0.875 0
0.562500000000998 0.9375 0
0.687500000000333 0.8125 0
0.437500000000998 0.9375 0
0.500000000000665 0.875 0
0.437500000000333 0.8125 0
0.562500000000333 0.8125 0
0.312500000000333 0.8125 0
0.375 0.75 0
0.625 0.75 0
0.312500000000665 0.9375 0
0.187500000000333 0.9375 0
0.250000000000333 0.875 0
0.5625 0.6875 0
0.4375 0.6875 0
0.5 0.625 0
0.0937499999998869 0.03125 0
0.03125 0.03125 0
0.156249999999739 0.03125 0
0.124999999999852 0.0625 0
0.218749999999556 0.03125 0
0.156249999999852 0.09375 0
0.09375 0.09375 0
0.28124999999939 0.03125 0
0.249999999999538 0.0625 0
0.28124999999952 0.09375 0
0.218749999999686 0.09375 0
0.343749999999354 0.09375 0
0.312499999999502 0.125 0
0.187499999999834 0.125 0
0.343749999999206 0.03125 0
0.406249999999022 0.03125 0
0.374999999999188 0.0625 0
0.468749999998838 0.03125 0
0.40624999999917 0.09375 0
0.218749999999834 0.15625 0
0.15625 0.15625 0
0.281249999999668 0.15625 0
0.249999999999834 0.1875 0
0.343749999999502 0.15625 0
0.281249999999834 0.21875 0
0.21875 0.21875 0
0.531249999998838 0.03125 0
0.499999999999004 0.0625 0
0.53124999999917 0.09375 0
0.46874999999917 0.09375 0
0.59374999999917 0.09375 0
0.562499999999336 0.125 0
0.437499999999336 0.125 0
0.593749999999502 0.15625 0
0.531249999999502 0.15625 0
0.499999999999668 0.1875 0
0.468749999999502 0.15625 0
0.531249999999834 0.21875 0
0.468749999999834 0.21875 0
0.406249999999502 0.15625 0
0.656249999999502 0.15625 0
0.624999999999668 0.1875 0
0.656249999999834 0.21875 0
0.593749999999834 0.21875 0
0.718749999999834 0.21875 0
0.6875 0.25 0
0.5625 0.25 0
0.374999999999668 0.1875 0
0.406249999999834 0.21875 0
0.343749999999834 0.21875 0
0.4375 0.25 0
0.3125 0.25 0
0.593749999999004 0.03125 0
0.65624999999917 0.03125 0
0.62499999999917 0.0625 0
0.718749999999336 0.03125 0
0.656249999999336 0.09375 0
0.781249999999502 0.03125 0
0.749999999999502 0.0625 0
0.781249999999668 0.09375 0
0.718749999999502 0.09375 0
0.843749999999834 0.09375 0
0.812499999999834 0.125 0
0.687499999999502 0.125 0
0.843749999999668 0.03125 0
0.906249999999834 0.03125 0
0.874999999999834 0.0625 0
0.96875 0.03125 0
0.90625 0.09375 0
0.718749999999668 0.15625 0
0.781249999999834 0.15625 0
0.749999999999834 0.1875 0
0.84375 0.15625 0
0.78125 0.21875 0
0.34375 0.28125 0
0.28125 0.28125 0
0.40625 0.28125 0
0.375 0.3125 0
0.46875 0.28125 0
0.40625 0.34375 0
0.34375 0.34375 0
0.53125 0.28125 0
0.5 0.3125 0
0.53125 0.34375 0
0.46875 0.34375 0
0.59375 0.34375 0
0.5625 0.375 0
0.4375 0.375 0
0.59375 0.28125 0
0.65625 0.28125 0
0.625 0.3125 0
0.71875 0.28125 0
0.65625 0.34375 0
0.46875 0.40625 0
0.40625 0.40625 0
0.53125 0.40625 0
0.5 0.4375 0
0.59375 0.40625 0
0.53125 0.46875 0
0.46875 0.46875 0
0.03125 0.906250000000013 0
0.03125 0.96875 0
0.03125 0.843750000000116 0
0.0625 0.875000000000103 0
0.03125 0.78125000000031 0
0.09375 0.843750000000103 0
0.09375 0.90625 0
0.03125 0.718750000000476 0
0.0625 0.750000000000373 0
0.09375 0.718750000000436 0
0.09375 0.78125000000027 0
0.09375 0.656250000000602 0
0.125 0.687500000000499 0
0.125 0.812500000000166 0
0.03125 0.656250000000745 0
0.03125 0.593750000000974 0
0.0625 0.625000000000768 0
0.03125 0.531250000001164 0
0.09375 0.593750000000832 0
0.15625 0.781250000000166 0
0.15625 0.84375 0
0.15625 0.718750000000333 0
0.1875 0.750000000000166 0
0.15625 0.656250000000499 0
0.21875 0.718750000000166 0
0.21875 0.78125 0
0.03125 0.468750000001164 0
0.0625 0.500000000000998 0
0.09375 0.468750000000832 0
0.09375 0.531250000000832 0
0.09375 0.406250000000832 0
0.125 0.437500000000665 0
0.125 0.562500000000665 0
0.15625 0.406250000000499 0
0.15625 0.468750000000499 0
0.1875 0.500000000000333 0
0.15625 0.531250000000499 0
0.21875 0.468750000000166 0
0.21875 0.531250000000166 0
0.15625 0.593750000000499 0
0.15625 0.343750000000499 0
0.1875 0.375000000000333 0
0.21875 0.343750000000166 0
0.21875 0.406250000000166 0
0.21875 0.281250000000166 0
0.25 0.3125 0
0.25 0.4375 0
0.1875 0.625000000000333 0
0.21875 0.593750000000166 0
0.21875 0.656250000000166 0
0.25 0.5625 0
0.25 0.6875 0
0.03125 0.406250000000998 0
0.03125 0.343750000000832 0
0.0625 0.375000000000832 0
0.03125 0.281250000000665 0
0.09375 0.343750000000665 0
0.03125 0.218750000000499 0
0.0625 0.250000000000499 0
0.09375 0.218750000000333 0
0.09375 0.281250000000499 0
0.09375 0.156250000000166 0
0.125 0.187500000000166 0
0.125 0.312500000000499 0
0.03125 0.156250000000333 0
0.03125 0.0937500000001663 0
0.0625 0.125000000000166 0
0.15625 0.281250000000333 0
0.15625 0.218750000000166 0
0.1875 0.250000000000166 0
0.28125 0.65625 0
0.28125 0.71875 0
0.28125 0.59375 0
0.3125 0.625 0
0.28125 0.53125 0
0.34375 0.59375 0
0.34375 0.65625 0
0.28125 0.46875 0
0.3125 0.5 0
0.34375 0.46875 0
0.34375 0.53125 0
0.34375 0.40625 0
0.375 0.4375 0
0.375 0.5625 0
0.28125 0.40625 0
0.28125 0.34375 0
0.3125 0.375 0
0.40625 0.53125 0
0.40625 0.59375 0
0.40625 0.46875 0
0.4375 0.5 0
0.46875 0.53125 0
0.96875 0.0937499999998869 0
0.96875 0.156249999999739 0
0.9375 0.124999999999852 0
0.96875 0.218749999999556 0
0.90625 0.156249999999852 0
0.96875 0.28124999999939 0
0.9375 0.249999999999538 0
0.90625 0.28124999999952 0
0.90625 0.218749999999686 0
0.90625 0.343749999999354 0
0.875 0.312499999999502 0
0.875 0.187499999999834 0
0.96875 0.343749999999206 0
0.96875 0.406249999999022 0
0.9375 0.374999999999188 0
0.96875 0.468749999998838 0
0.90625 0.40624999999917 0
0.84375 0.218749999999834 0
0.84375 0.281249999999668 0
0.8125 0.249999999999834 0
0.84375 0.343749999999502 0
0.78125 0.281249999999834 0
0.96875 0.531249999998838 0
0.9375 0.499999999999004 0
0.90625 0.53124999999917 0
0.90625 0.46874999999917 0
0.90625 0.59374999999917 0
0.875 0.562499999999336 0
0.875 0.437499999999336 0
0.84375 0.593749999999502 0
0.84375 0.531249999999502 0
0.8125 0.499999999999668 0
0.84375 0.468749999999502 0
0.78125 0.531249999999834 0
0.78125 0.468749999999834 0
0.84375 0.406249999999502 0
0.84375 0.656249999999502 0
0.8125 0.624999999999668 0
0.78125 0.656249999999834 0
0.78125 0.593749999999834 0
0.78125 0.718749999999834 0
0.75 0.6875 0
0.75 0.5625 0
0.8125 0.374999999999668 0
0.78125 0.406249999999834 0
0.78125 0.343749999999834 0
0.75 0.4375 0
0.75 0.3125 0
0.96875 0.593749999999004 0
0.96875 0.65624999999917 0
0.9375 0.62499999999917 0
0.96875 0.718749999999336 0
0.90625 0.656249999999336 0
0.96875 0.781249999999502 0
0.9375 0.749999999999502 0
0.90625 0.781249999999668 0
0.90625 0.718749999999502 0
0.90625 0.843749999999834 0
0.875 0.812499999999834 0
0.875 0.687499999999502 0
0.96875 0.843749999999668 0
0.96875 0.906249999999834 0
0.9375 0.874999999999834 0
0.96875 0.96875 0
0.90625 0.90625 0
0.84375 0.718749999999668 0
0.84375 0.781249999999834 0
0.8125 0.749999999999834 0
0.84375 0.84375 0
0.78125 0.78125 0
0.71875 0.34375 0
0.71875 0.40625 0
0.6875 0.375 0
0.71875 0.46875 0
0.65625 0.40625 0
0.71875 0.53125 0
0.6875 0.5 0
0.65625 0.53125 0
0.65625 0.46875 0
0.65625 0.59375 0
0.625 0.5625 0
0.625 0.4375 0
0.71875 0.59375 0
0.71875 0.65625 0
0.6875 0.625 0
0.71875 0.71875 0
0.65625 0.65625 0
0.59375 0.46875 0
0.59375 0.53125 0
0.5625 0.5 0
0.59375 0.59375 0
0.53125 0.53125 0
0.906250000000013 0.96875 0
0.843750000000116 0.96875 0
0.875000000000103 0.9375 0
0.78125000000031 0.96875 0
0.843750000000103 0.90625 0
0.718750000000476 0.96875 0
0.750000000000373 0.9375 0
0.718750000000436 0.90625 0
0.78125000000027 0.90625 0
0.656250000000602 0.90625 0
0.687500000000499 0.875 0
0.812500000000166 0.875 0
0.656250000000745 0.96875 0
0.593750000000974 0.96875 0
0.625000000000768 0.9375 0
0.531250000001164 0.96875 0
0.593750000000832 0.90625 0
0.781250000000166 0.84375 0
0.718750000000333 0.84375 0
0.750000000000166 0.8125 0
0.656250000000499 0.84375 0
0.718750000000166 0.78125 0
0.468750000001164 0.96875 0
0.500000000000998 0.9375 0
0.468750000000832 0.90625 0
0.531250000000832 0.90625 0
0.406250000000832 0.90625 0
0.437500000000665 0.875 0
0.562500000000665 0.875 0
0.406250000000499 0.84375 0
0.468750000000499 0.84375 0
0.500000000000333 0.8125 0
0.531250000000499 0.84375 0
0.468750000000166 0.78125 0
0.531250000000166 0.78125 0
0.593750000000499 0.84375 0
0.343750000000499 0.84375 0
0.375000000000333 0.8125 0
0.343750000000166 0.78125 0
0.406250000000166 0.78125 0
0.281250000000166 0.78125 0
0.3125 0.75 0
0.4375 0.75 0
0.625000000000333 0.8125 0
0.593750000000166 0.78125 0
0.656250000000166 0.78125 0
0.5625 0.75 0
0.6875 0.75 0
0.406250000000998 0.96875 0
0.343750000000832 0.96875 0
0.375000000000832 0.9375 0
0.281250000000665 0.96875 0
0.343750000000665 0.90625 0
0.218750000000499 0.96875 0
0.250000000000499 0.9375 0
0.218750000000333 0.90625 0
0.281250000000499 0.90625 0
0.156250000000166 0.90625 0
0.187500000000166 0.875 0
0.312500000000499 0.875 0
0.156250000000333 0.96875 0
0.0937500000001663 0.96875 0
0.125000000000166 0.9375 0
0.281250000000333 0.84375 0
0.218750000000166 0.84375 0
0.250000000000166 0.8125 0
0.65625 0.71875 0
0.59375 0.71875 0
0.625 0.6875 0
0.53125 0.71875 0
0.59375 0.65625 0
0.46875 0.71875 0
0.5 0.6875 0
0.46875 0.65625 0
0.53125 0.65625 0
0.40625 0.65625 0
0.4375 0.625 0
0.5625 0.625 0
0.40625 0.71875 0
0.34375 0.71875 0
0.375 0.6875 0
0.53125 0.59375 0
0.46875 0.59375 0
0.5 0.5625 0
