 23 24 40
 24 25 40
 22 23 40
 21 22 41
 22 40 41
 19 20 42
 20 21 42
 21 41 42
 18 19 43
 19 42 43
 15 16 44
 16 17 44
 17 18 44
 18 43 44
 25 26 45
 26 27 45
 25 40 46
 25 45 46
 40 41 46
 41 42 47
 41 46 47
 42 43 48
 42 47 48
 43 44 49
 43 48 49
 15 44 50
 44 49 50
 14 15 51
 15 50 51
 13 14 51
 27 28 52
 27 45 52
 45 46 52
 46 47 53
 46 52 53
 47 48 54
 47 53 54
 48 49 55
 48 54 55
 49 50 56
 49 55 56
 50 51 57
 50 56 57
 12 13 58
 13 51 58
 51 57 58
 28 29 59
 28 52 59
 52 53 59
 53 54 60
 53 59 60
 54 55 61
 54 60 61
 55 56 62
 55 61 62
 56 57 63
 56 62 63
 57 63 64
 11 12 65
 12 58 65
 57 58 65
 57 64 65
 30 31 66
 29 30 67
 29 59 67
 59 60 67
 30 66 67
 60 61 68
 60 67 68
 61 62 69
 61 68 69
 62 63 70
 62 69 70
 63 64 71
 63 70 71
 64 71 72
 10 11 73
 11 65 73
 64 65 73
 64 72 73
 9 10 74
 10 73 74
 31 32 75
 32 33 75
 31 66 75
 66 67 75
 67 68 76
 33 34 76
 33 75 76
 67 75 76
 68 69 77
 68 76 77
 69 70 78
 69 77 78
 70 71 79
 70 78 79
 71 72 80
 71 79 80
 72 73 81
 72 80 81
 6 7 82
 73 74 82
 73 81 82
 7 8 83
 8 9 83
 7 82 83
 9 74 83
 74 82 83
 34 35 84
 34 76 84
 76 77 84
 35 36 85
 77 78 85
 77 84 85
 35 84 85
 78 79 86
 78 85 86
 79 80 87
 79 86 87
 80 81 88
 80 87 88
 4 5 89
 81 82 89
 81 88 89
 5 6 90
 6 82 90
 82 89 90
 5 89 90
 36 85 91
 85 86 91
 37 38 92
 38 39 92
 86 87 92
 86 91 92
 37 91 92
 39 92 93
 87 92 93
 2 3 94
 1 2 94
 1 93 94
 87 88 94
 87 93 94
 4 89 95
 88 89 95
 88 94 95
 3 94 95
 0 1 96
 0 39 96
 39 93 96
 1 93 96