 0.643573 0.5
 0.629863 0.51887
 0.616153 0.53774
 0.602443 0.556611
 0.588733 0.575481
 0.575023 0.594351
 0.561313 0.613221
 0.547603 0.632092
 0.533893 0.650962
 0.51171 0.643754
 0.489526 0.636546
 0.467343 0.629339
 0.44516 0.622131
 0.422977 0.614923
 0.400793 0.607715
 0.37861 0.600507
 0.356427 0.5933
 0.356427 0.569975
 0.356427 0.54665
 0.356427 0.523325
 0.356427 0.5
 0.356427 0.476675
 0.356427 0.45335
 0.356427 0.430025
 0.356427 0.4067
 0.37861 0.399493
 0.400793 0.392285
 0.422977 0.385077
 0.44516 0.377869
 0.467343 0.370661
 0.489526 0.363454
 0.51171 0.356246
 0.533893 0.349038
 0.547603 0.367908
 0.561313 0.386779
 0.575023 0.405649
 0.588733 0.424519
 0.602443 0.443389
 0.616153 0.46226
 0.629863 0.48113
 0.373656 0.433577
 0.373656 0.466788
 0.373656 0.5
 0.373656 0.533212
 0.373656 0.566423
 0.405242 0.400365
 0.405242 0.433577
 0.405242 0.466788
 0.405242 0.5
 0.405242 0.533212
 0.405242 0.566423
 0.405242 0.599635
 0.436828 0.400365
 0.436828 0.433577
 0.436828 0.466788
 0.436828 0.5
 0.436828 0.533212
 0.436828 0.566423
 0.436828 0.599635
 0.468414 0.400365
 0.468414 0.433577
 0.468414 0.466788
 0.468414 0.5
 0.468414 0.533212
 0.468414 0.566423
 0.468414 0.599635
 0.5 0.367154
 0.5 0.400365
 0.5 0.433577
 0.5 0.466788
 0.5 0.5
 0.5 0.533212
 0.5 0.566423
 0.5 0.599635
 0.5 0.632846
 0.531586 0.367154
 0.531586 0.400365
 0.531586 0.433577
 0.531586 0.466788
 0.531586 0.5
 0.531586 0.533212
 0.531586 0.566423
 0.531586 0.599635
 0.531586 0.632846
 0.563172 0.400365
 0.563172 0.433577
 0.563172 0.466788
 0.563172 0.5
 0.563172 0.533212
 0.563172 0.566423
 0.563172 0.599635
 0.594758 0.433577
 0.594758 0.466788
 0.594758 0.5
 0.594758 0.533212
 0.594758 0.566423
 0.626344 0.5