0
0.015625
0.0625
0.140625
0.25
0.390625
0.5625
0.765625
1
0.015625
0.046875
0.109375
0.203125
0.328125
0.484375
0.671875
0.890625
1.140625
0.0625
0.109375
0.1875
0.296875
0.4375
0.609375
0.8125
1.046875
1.3125
0.140625
0.203125
0.296875
0.421875
0.578125
0.765625
0.984375
1.234375
1.515625
0.25
0.328125
0.4375
0.578125
0.75
0.953125
1.1875
1.453125
1.75
0.390625
0.484375
0.609375
0.765625
0.953125
1.171875
1.421875
1.703125
2.015625
0.5625
0.671875
0.8125
0.984375
1.1875
1.421875
1.6875
1.984375
2.3125
0.765625
0.890625
1.046875
1.234375
1.453125
1.703125
1.984375
2.296875
2.640625
1
1.140625
1.3125
1.515625
1.75
2.015625
2.3125
2.640625
3
0.015625
0.046875
0.109375
0.203125
0.328125
0.484375
0.671875
0.890625
1.140625
0.046875
0.09375
0.171875
0.28125
0.421875
0.59375
0.796875
1.03125
1.296875
0.109375
0.171875
0.265625
0.390625
0.546875
0.734375
0.953125
1.203125
1.484375
0.203125
0.28125
0.390625
0.53125
0.703125
0.90625
1.140625
1.40625
1.703125
0.328125
0.421875
0.546875
0.703125
0.890625
1.109375
1.359375
1.640625
1.953125
0.484375
0.59375
0.734375
0.90625
1.109375
1.34375
1.609375
1.90625
2.234375
0.671875
0.796875
0.953125
1.140625
1.359375
1.609375
1.890625
2.203125
2.546875
0.890625
1.03125
1.203125
1.40625
1.640625
1.90625
2.203125
2.53125
2.890625
1.140625
1.296875
1.484375
1.703125
1.953125
2.234375
2.546875
2.890625
3.265625
0.0625
0.109375
0.1875
0.296875
0.4375
0.609375
0.8125
1.046875
1.3125
0.109375
0.171875
0.265625
0.390625
0.546875
0.734375
0.953125
1.203125
1.484375
0.1875
0.265625
0.375
0.515625
0.6875
0.890625
1.125
1.390625
1.6875
0.296875
0.390625
0.515625
0.671875
0.859375
1.078125
1.328125
1.609375
1.921875
0.4375
0.546875
0.6875
0.859375
1.0625
1.296875
1.5625
1.859375
2.1875
0.609375
0.734375
0.890625
1.078125
1.296875
1.546875
1.828125
2.140625
2.484375
0.8125
0.953125
1.125
1.328125
1.5625
1.828125
2.125
2.453125
2.8125
1.046875
1.203125
1.390625
1.609375
1.859375
2.140625
2.453125
2.796875
3.171875
1.3125
1.484375
1.6875
1.921875
2.1875
2.484375
2.8125
3.171875
3.5625
0.140625
0.203125
0.296875
0.421875
0.578125
0.765625
0.984375
1.234375
1.515625
0.203125
0.28125
0.390625
0.53125
0.703125
0.90625
1.140625
1.40625
1.703125
0.296875
0.390625
0.515625
0.671875
0.859375
1.078125
1.328125
1.609375
1.921875
0.421875
0.53125
0.671875
0.84375
1.046875
1.28125
1.546875
1.84375
2.171875
0.578125
0.703125
0.859375
1.046875
1.265625
1.515625
1.796875
2.109375
2.453125
0.765625
0.90625
1.078125
1.28125
1.515625
1.78125
2.078125
2.40625
2.765625
0.984375
1.140625
1.328125
1.546875
1.796875
2.078125
2.390625
2.734375
3.109375
1.234375
1.40625
1.609375
1.84375
2.109375
2.40625
2.734375
3.09375
3.484375
1.515625
1.703125
1.921875
2.171875
2.453125
2.765625
3.109375
3.484375
3.890625
0.25
0.328125
0.4375
0.578125
0.75
0.953125
1.1875
1.453125
1.75
0.328125
0.421875
0.546875
0.703125
0.890625
1.109375
1.359375
1.640625
1.953125
0.4375
0.546875
0.6875
0.859375
1.0625
1.296875
1.5625
1.859375
2.1875
0.578125
0.703125
0.859375
1.046875
1.265625
1.515625
1.796875
2.109375
2.453125
0.75
0.890625
1.0625
1.265625
1.5
1.765625
2.0625
2.390625
2.75
0.953125
1.109375
1.296875
1.515625
1.765625
2.046875
2.359375
2.703125
3.078125
1.1875
1.359375
1.5625
1.796875
2.0625
2.359375
2.6875
3.046875
3.4375
1.453125
1.640625
1.859375
2.109375
2.390625
2.703125
3.046875
3.421875
3.828125
1.75
1.953125
2.1875
2.453125
2.75
3.078125
3.4375
3.828125
4.25
0.390625
0.484375
0.609375
0.765625
0.953125
1.171875
1.421875
1.703125
2.015625
0.484375
0.59375
0.734375
0.90625
1.109375
1.34375
1.609375
1.90625
2.234375
0.609375
0.734375
0.890625
1.078125
1.296875
1.546875
1.828125
2.140625
2.484375
0.765625
0.90625
1.078125
1.28125
1.515625
1.78125
2.078125
2.40625
2.765625
0.953125
1.109375
1.296875
1.515625
1.765625
2.046875
2.359375
2.703125
3.078125
1.171875
1.34375
1.546875
1.78125
2.046875
2.34375
2.671875
3.03125
3.421875
1.421875
1.609375
1.828125
2.078125
2.359375
2.671875
3.015625
3.390625
3.796875
1.703125
1.90625
2.140625
2.40625
2.703125
3.03125
3.390625
3.78125
4.203125
2.015625
2.234375
2.484375
2.765625
3.078125
3.421875
3.796875
4.203125
4.640625
0.5625
0.671875
0.8125
0.984375
1.1875
1.421875
1.6875
1.984375
2.3125
0.671875
0.796875
0.953125
1.140625
1.359375
1.609375
1.890625
2.203125
2.546875
0.8125
0.953125
1.125
1.328125
1.5625
1.828125
2.125
2.453125
2.8125
0.984375
1.140625
1.328125
1.546875
1.796875
2.078125
2.390625
2.734375
3.109375
1.1875
1.359375
1.5625
1.796875
2.0625
2.359375
2.6875
3.046875
3.4375
1.421875
1.609375
1.828125
2.078125
2.359375
2.671875
3.015625
3.390625
3.796875
1.6875
1.890625
2.125
2.390625
2.6875
3.015625
3.375
3.765625
4.1875
1.984375
2.203125
2.453125
2.734375
3.046875
3.390625
3.765625
4.171875
4.609375
2.3125
2.546875
2.8125
3.109375
3.4375
3.796875
4.1875
4.609375
5.0625
0.765625
0.890625
1.046875
1.234375
1.453125
1.703125
1.984375
2.296875
2.640625
0.890625
1.03125
1.203125
1.40625
1.640625
1.90625
2.203125
2.53125
2.890625
1.046875
1.203125
1.390625
1.609375
1.859375
2.140625
2.453125
2.796875
3.171875
1.234375
1.40625
1.609375
1.84375
2.109375
2.40625
2.734375
3.09375
3.484375
1.453125
1.640625
1.859375
2.109375
2.390625
2.703125
3.046875
3.421875
3.828125
1.703125
1.90625
2.140625
2.40625
2.703125
3.03125
3.390625
3.78125
4.203125
1.984375
2.203125
2.453125
2.734375
3.046875
3.390625
3.765625
4.171875
4.609375
2.296875
2.53125
2.796875
3.09375
3.421875
3.78125
4.171875
4.59375
5.046875
2.640625
2.890625
3.171875
3.484375
3.828125
4.203125
4.609375
5.046875
5.515625
1
1.140625
1.3125
1.515625
1.75
2.015625
2.3125
2.640625
3
1.140625
1.296875
1.484375
1.703125
1.953125
2.234375
2.546875
2.890625
3.265625
1.3125
1.484375
1.6875
1.921875
2.1875
2.484375
2.8125
3.171875
3.5625
1.515625
1.703125
1.921875
2.171875
2.453125
2.765625
3.109375
3.484375
3.890625
1.75
1.953125
2.1875
2.453125
2.75
3.078125
3.4375
3.828125
4.25
2.015625
2.234375
2.484375
2.765625
3.078125
3.421875
3.796875
4.203125
4.640625
2.3125
2.546875
2.8125
3.109375
3.4375
3.796875
4.1875
4.609375
5.0625
2.640625
2.890625
3.171875
3.484375
3.828125
4.203125
4.609375
5.046875
5.515625
3
3.265625
3.5625
3.890625
4.25
4.640625
5.0625
5.515625
6
0.015625
0.046875
0.109375
0.203125
0.328125
0.484375
0.671875
0.890625
1.140625
0.046875
0.09375
0.171875
0.28125
0.421875
0.59375
0.796875
1.03125
1.296875
0.109375
0.171875
0.265625
0.390625
0.546875
0.734375
0.953125
1.203125
1.484375
0.203125
0.28125
0.390625
0.53125
0.703125
0.90625
1.140625
1.40625
1.703125
0.328125
0.421875
0.546875
0.703125
0.890625
1.109375
1.359375
1.640625
1.953125
0.484375
0.59375
0.734375
0.90625
1.109375
1.34375
1.609375
1.90625
2.234375
0.671875
0.796875
0.953125
1.140625
1.359375
1.609375
1.890625
2.203125
2.546875
0.890625
1.03125
1.203125
1.40625
1.640625
1.90625
2.203125
2.53125
2.890625
1.140625
1.296875
1.484375
1.703125
1.953125
2.234375
2.546875
2.890625
3.265625
0.046875
0.09375
0.171875
0.28125
0.421875
0.59375
0.796875
1.03125
1.296875
0.09375
0.2026293098160772
0.298186119464237
0.4232352058730514
0.5794235050991854
0.7671852555382779
0.9846900618666338
1.241141834649903
1.46875
0.171875
0.298186119464237
0.4090880128049298
0.5496660901712179
0.7214490354995238
0.9249245739617081
1.157667514188216
1.431326871275206
1.671875
0.28125
0.4232352058730514
0.5496660901712179
0.705632372975479
0.8929957040693122
1.112110699957517
1.360400497571445
1.649855112248812
1.90625
0.421875
0.5794235050991856
0.721449035499524
0.8929957040693121
1.095964904355645
1.330723077319104
1.594663636267542
1.899753132154873
2.171875
0.59375
0.767185255538278
0.9249245739617081
1.112110699957517
1.330723077319104
1.581060918799519
1.860497256162726
2.181060778558495
2.46875
0.796875
0.9846900618666338
1.157667514188216
1.360400497571445
1.594663636267542
1.860497256162727
2.156104613131891
2.49311834541614
2.796875
1.03125
1.241141834649902
1.431326871275206
1.649855112248812
1.899753132154873
2.181060778558495
2.49311834541614
2.84007846891906
3.15625
1.296875
1.46875
1.671875
1.90625
2.171875
2.46875
2.796875
3.15625
3.546875
0.109375
0.171875
0.265625
0.390625
0.546875
0.734375
0.953125
1.203125
1.484375
0.171875
0.298186119464237
0.4090880128049298
0.5496660901712178
0.721449035499524
0.9249245739617079
1.157667514188216
1.431326871275206
1.671875
0.265625
0.4090880128049297
0.5361455085529631
0.6922509967194109
0.879602777013071
1.098848657989397
1.34658270032187
1.638644772152136
1.890625
0.390625
0.5496660901712178
0.692250996719411
0.8634541366970087
1.066313560002131
1.301209021790968
1.564423627357326
1.872465043882351
2.140625
0.546875
0.721449035499524
0.879602777013071
1.066313560002131
1.284713828969805
1.535248892593425
1.814121639191526
2.137785416199797
2.421875
0.734375
0.9249245739617082
1.098848657989398
1.301209021790968
1.535248892593425
1.801351517814502
2.095681145091928
2.434730830397011
2.734375
0.953125
1.157667514188216
1.34658270032187
1.564423627357326
1.814121639191526
2.095681145091928
2.406295393528116
2.762117761611176
3.078125
1.203125
1.431326871275206
1.638644772152136
1.872465043882351
2.137785416199797
2.434730830397011
2.762117761611177
3.12667130580856
3.453125
1.484375
1.671875
1.890625
2.140625
2.421875
2.734375
3.078125
3.453125
3.859375
0.203125
0.28125
0.390625
0.53125
0.703125
0.90625
1.140625
1.40625
1.703125
0.28125
0.4232352058730514
0.5496660901712179
0.705632372975479
0.8929957040693123
1.112110699957517
1.360400497571445
1.649855112248812
1.90625
0.390625
0.5496660901712177
0.6922509967194109
0.8634541366970087
1.066313560002131
1.301209021790968
1.564423627357326
1.872465043882351
2.140625
0.53125
0.705632372975479
0.8634541366970087
1.049484227924061
1.267762464535771
1.51830420467164
1.796975702915147
2.121046487578919
2.40625
0.703125
0.8929957040693122
1.066313560002131
1.267762464535771
1.501501608905034
1.767667303301143
2.062003145171481
2.401650783615779
2.703125
0.90625
1.112110699957517
1.301209021790968
1.51830420467164
1.767667303301143
2.049391002512383
2.359184109564439
2.714165935871993
3.03125
1.140625
1.360400497571445
1.564423627357326
1.796975702915147
2.062003145171482
2.35918410956444
2.685274014059838
3.057081165554289
3.390625
1.40625
1.649855112248812
1.872465043882351
2.121046487578919
2.401650783615779
2.714165935871993
3.057081165554289
3.437634883471196
3.78125
1.703125
1.90625
2.140625
2.40625
2.703125
3.03125
3.390625
3.78125
4.203125
0.328125
0.421875
0.546875
0.703125
0.890625
1.109375
1.359375
1.640625
1.953125
0.421875
0.5794235050991854
0.7214490354995239
0.8929957040693121
1.095964904355645
1.330723077319104
1.594663636267542
1.899753132154873
2.171875
0.546875
0.7214490354995239
0.879602777013071
1.066313560002131
1.284713828969805
1.535248892593426
1.814121639191526
2.137785416199797
2.421875
0.703125
0.8929957040693121
1.066313560002131
1.267762464535771
1.501501608905034
1.767667303301143
2.062003145171481
2.401650783615779
2.703125
0.890625
1.095964904355644
1.284713828969805
1.501501608905034
1.750635463890194
2.032403495615015
2.34241069629902
2.697573553175961
3.015625
1.109375
1.330723077319104
1.535248892593426
1.767667303301143
2.032403495615016
2.329711173039219
2.65517496959928
3.025623450777216
3.359375
1.359375
1.594663636267542
1.814121639191526
2.062003145171481
2.34241069629902
2.65517496959928
2.996916546821551
3.384151806496198
3.734375
1.640625
1.899753132154873
2.137785416199797
2.401650783615779
2.697573553175961
3.025623450777216
3.384151806496198
3.78027017488695
4.140625
1.953125
2.171875
2.421875
2.703125
3.015625
3.359375
3.734375
4.140625
4.578125
0.484375
0.59375
0.734375
0.90625
1.109375
1.34375
1.609375
1.90625
2.234375
0.59375
0.7671852555382779
0.9249245739617081
1.112110699957517
1.330723077319104
1.581060918799518
1.860497256162726
2.181060778558495
2.46875
0.734375
0.9249245739617081
1.098848657989398
1.301209021790968
1.535248892593426
1.801351517814502
2.095681145091928
2.434730830397011
2.734375
0.90625
1.112110699957517
1.301209021790968
1.51830420467164
1.767667303301143
2.049391002512382
2.359184109564439
2.714165935871993
3.03125
1.109375
1.330723077319104
1.535248892593425
1.767667303301143
2.032403495615016
2.329711173039219
2.65517496959928
3.025623450777216
3.359375
1.34375
1.581060918799518
1.801351517814502
2.049391002512383
2.32971117303922
2.642546548848796
2.983492497292049
3.369225717665638
3.71875
1.609375
1.860497256162726
2.095681145091928
2.359184109564439
2.65517496959928
2.983492497292048
3.340780091993372
3.74334201861931
4.109375
1.90625
2.181060778558495
2.434730830397011
2.714165935871992
3.025623450777216
3.369225717665638
3.74334201861931
4.154945505531476
4.53125
2.234375
2.46875
2.734375
3.03125
3.359375
3.71875
4.109375
4.53125
4.984375
0.671875
0.796875
0.953125
1.140625
1.359375
1.609375
1.890625
2.203125
2.546875
0.796875
0.9846900618666339
1.157667514188216
1.360400497571445
1.594663636267542
1.860497256162727
2.156104613131891
2.493118345416141
2.796875
0.953125
1.157667514188216
1.346582700321871
1.564423627357326
1.814121639191526
2.095681145091928
2.406295393528116
2.762117761611176
3.078125
1.140625
1.360400497571445
1.564423627357326
1.796975702915147
2.062003145171481
2.35918410956444
2.685274014059838
3.057081165554288
3.390625
1.359375
1.594663636267542
1.814121639191526
2.062003145171482
2.34241069629902
2.65517496959928
2.996916546821551
3.384151806496198
3.734375
1.609375
1.860497256162727
2.095681145091928
2.359184109564439
2.65517496959928
2.983492497292049
3.340780091993372
3.74334201861931
4.109375
1.890625
2.156104613131891
2.406295393528115
2.685274014059838
2.996916546821551
3.340780091993373
3.714277331029294
4.133313643117763
4.515625
2.203125
2.493118345416141
2.762117761611177
3.057081165554289
3.384151806496199
3.74334201861931
4.133313643117762
4.560833456553526
4.953125
2.546875
2.796875
3.078125
3.390625
3.734375
4.109375
4.515625
4.953125
5.421875
0.890625
1.03125
1.203125
1.40625
1.640625
1.90625
2.203125
2.53125
2.890625
1.03125
1.241141834649902
1.431326871275206
1.649855112248812
1.899753132154873
2.181060778558495
2.49311834541614
2.84007846891906
3.15625
1.203125
1.431326871275206
1.638644772152136
1.872465043882351
2.137785416199797
2.434730830397011
2.762117761611177
3.12667130580856
3.453125
1.40625
1.649855112248812
1.872465043882351
2.121046487578918
2.401650783615779
2.714165935871992
3.057081165554289
3.437634883471196
3.78125
1.640625
1.899753132154873
2.137785416199797
2.401650783615779
2.69757355317596
3.025623450777216
3.384151806496198
3.780270174886949
4.140625
1.90625
2.181060778558495
2.434730830397011
2.714165935871992
3.025623450777216
3.369225717665638
3.743342018619311
4.154945505531476
4.53125
2.203125
2.49311834541614
2.762117761611176
3.057081165554289
3.384151806496198
3.743342018619311
4.133313643117763
4.560833456553526
4.953125
2.53125
2.840078468919059
3.12667130580856
3.437634883471196
3.78027017488695
4.154945505531477
4.560833456553526
5.000467821008568
5.40625
2.890625
3.15625
3.453125
3.78125
4.140625
4.53125
4.953125
5.40625
5.890625
1.140625
1.296875
1.484375
1.703125
1.953125
2.234375
2.546875
2.890625
3.265625
1.296875
1.46875
1.671875
1.90625
2.171875
2.46875
2.796875
3.15625
3.546875
1.484375
1.671875
1.890625
2.140625
2.421875
2.734375
3.078125
3.453125
3.859375
1.703125
1.90625
2.140625
2.40625
2.703125
3.03125
3.390625
3.78125
4.203125
1.953125
2.171875
2.421875
2.703125
3.015625
3.359375
3.734375
4.140625
4.578125
2.234375
2.46875
2.734375
3.03125
3.359375
3.71875
4.109375
4.53125
4.984375
2.546875
2.796875
3.078125
3.390625
3.734375
4.109375
4.515625
4.953125
5.421875
2.890625
3.15625
3.453125
3.78125
4.140625
4.53125
4.953125
5.40625
5.890625
3.265625
3.546875
3.859375
4.203125
4.578125
4.984375
5.421875
5.890625
6.390625
0.0625
0.109375
0.1875
0.296875
0.4375
0.609375
0.8125
1.046875
1.3125
0.109375
0.171875
0.265625
0.390625
0.546875
0.734375
0.953125
1.203125
1.484375
0.1875
0.265625
0.375
0.515625
0.6875
0.890625
1.125
1.390625
1.6875
0.296875
0.390625
0.515625
0.671875
0.859375
1.078125
1.328125
1.609375
1.921875
0.4375
0.546875
0.6875
0.859375
1.0625
1.296875
1.5625
1.859375
2.1875
0.609375
0.734375
0.890625
1.078125
1.296875
1.546875
1.828125
2.140625
2.484375
0.8125
0.953125
1.125
1.328125
1.5625
1.828125
2.125
2.453125
2.8125
1.046875
1.203125
1.390625
1.609375
1.859375
2.140625
2.453125
2.796875
3.171875
1.3125
1.484375
1.6875
1.921875
2.1875
2.484375
2.8125
3.171875
3.5625
0.109375
0.171875
0.265625
0.390625
0.546875
0.734375
0.953125
1.203125
1.484375
0.171875
0.298186119464237
0.4090880128049297
0.5496660901712179
0.7214490354995239
0.924924573961708
1.157667514188216
1.431326871275206
1.671875
0.265625
0.4090880128049297
0.5361455085529631
0.692250996719411
0.879602777013071
1.098848657989397
1.346582700321871
1.638644772152136
1.890625
0.390625
0.5496660901712179
0.692250996719411
0.8634541366970085
1.066313560002131
1.301209021790968
1.564423627357326
1.872465043882351
2.140625
0.546875
0.721449035499524
0.879602777013071
1.066313560002131
1.284713828969805
1.535248892593426
1.814121639191526
2.137785416199797
2.421875
0.734375
0.9249245739617081
1.098848657989398
1.301209021790968
1.535248892593426
1.801351517814502
2.095681145091928
2.434730830397011
2.734375
0.953125
1.157667514188216
1.34658270032187
1.564423627357326
1.814121639191526
2.095681145091928
2.406295393528116
2.762117761611177
3.078125
1.203125
1.431326871275206
1.638644772152136
1.872465043882351
2.137785416199797
2.434730830397011
2.762117761611177
3.12667130580856
3.453125
1.484375
1.671875
1.890625
2.140625
2.421875
2.734375
3.078125
3.453125
3.859375
0.1875
0.265625
0.375
0.515625
0.6875
0.890625
1.125
1.390625
1.6875
0.265625
0.4090880128049298
0.5361455085529632
0.692250996719411
0.879602777013071
1.098848657989398
1.34658270032187
1.638644772152136
1.890625
0.375
0.5361455085529631
0.6881323860215772
0.8610387057870338
1.063985259716993
1.299103234908373
1.561365302262624
1.8741135926246
2.125
0.515625
0.6922509967194109
0.8610387057870337
1.049064120060471
1.267399028916522
1.518176572300538
1.795774032995419
2.124982004634699
2.390625
0.6875
0.879602777013071
1.063985259716993
1.267399028916522
1.501012998331704
1.767376631518403
2.060631755644381
2.40546669653777
2.6875
0.890625
1.098848657989398
1.299103234908373
1.518176572300538
1.767376631518402
2.049261889558813
2.357910819365587
2.71796351239108
3.015625
1.125
1.34658270032187
1.561365302262624
1.795774032995419
2.060631755644381
2.357910819365586
2.68298867819595
3.060351002974905
3.375
1.390625
1.638644772152136
1.874113592624599
2.124982004634699
2.405466696537769
2.71796351239108
3.060351002974905
3.444597505713419
3.765625
1.6875
1.890625
2.125
2.390625
2.6875
3.015625
3.375
3.765625
4.1875
0.296875
0.390625
0.515625
0.671875
0.859375
1.078125
1.328125
1.609375
1.921875
0.390625
0.5496660901712177
0.692250996719411
0.8634541366970085
1.066313560002131
1.301209021790968
1.564423627357326
1.872465043882351
2.140625
0.515625
0.692250996719411
0.8610387057870337
1.049064120060471
1.267399028916522
1.518176572300538
1.795774032995419
2.124982004634699
2.390625
0.671875
0.8634541366970085
1.049064120060471
1.252644118501148
1.48634860377577
1.752773009704697
2.04563625725464
2.391575917760438
2.671875
0.859375
1.066313560002131
1.267399028916522
1.48634860377577
1.735097152597528
2.01701645634449
2.325524331707966
2.687074304861695
2.984375
1.078125
1.301209021790968
1.518176572300538
1.752773009704697
2.01701645634449
2.314371496719823
2.638252404148723
3.014915420899035
3.328125
1.328125
1.564423627357326
1.795774032995419
2.04563625725464
2.325524331707966
2.638252404148723
2.978582073932122
3.372651440594348
3.703125
1.609375
1.872465043882351
2.1249820046347
2.391575917760438
2.687074304861695
3.014915420899035
3.372651440594348
3.773456573530365
4.109375
1.921875
2.140625
2.390625
2.671875
2.984375
3.328125
3.703125
4.109375
4.546875
0.4375
0.546875
0.6875
0.859375
1.0625
1.296875
1.5625
1.859375
2.1875
0.546875
0.721449035499524
0.879602777013071
1.066313560002131
1.284713828969805
1.535248892593425
1.814121639191526
2.137785416199797
2.421875
0.6875
0.879602777013071
1.063985259716993
1.267399028916522
1.501012998331704
1.767376631518402
2.060631755644381
2.40546669653777
2.6875
0.859375
1.066313560002131
1.267399028916522
1.48634860377577
1.735097152597528
2.017016456344489
2.325524331707966
2.687074304861694
2.984375
1.0625
1.284713828969805
1.501012998331704
1.735097152597528
1.998663906567988
2.295964685763265
2.62010517480844
2.997188411215928
3.3125
1.296875
1.535248892593426
1.767376631518402
2.017016456344489
2.295964685763265
2.608593536279329
2.948080539607962
3.340170282210831
3.671875
1.5625
1.814121639191526
2.060631755644381
2.325524331707965
2.62010517480844
2.948080539607962
3.303982697757852
3.713398945848485
4.0625
1.859375
2.137785416199797
2.405466696537769
2.687074304861694
2.997188411215927
3.340170282210831
3.713398945848484
4.129738079163888
4.484375
2.1875
2.421875
2.6875
2.984375
3.3125
3.671875
4.0625
4.484375
4.9375
0.609375
0.734375
0.890625
1.078125
1.296875
1.546875
1.828125
2.140625
2.484375
0.734375
0.9249245739617082
1.098848657989397
1.301209021790968
1.535248892593425
1.801351517814502
2.095681145091928
2.434730830397011
2.734375
0.890625
1.098848657989398
1.299103234908373
1.518176572300538
1.767376631518402
2.049261889558813
2.357910819365586
2.71796351239108
3.015625
1.078125
1.301209021790968
1.518176572300538
1.752773009704697
2.01701645634449
2.314371496719823
2.638252404148723
3.014915420899035
3.328125
1.296875
1.535248892593425
1.767376631518402
2.01701645634449
2.295964685763265
2.608593536279329
2.948080539607962
3.340170282210831
3.671875
1.546875
1.801351517814502
2.049261889558813
2.314371496719823
2.608593536279328
2.936458671316709
3.291296376975342
3.698337709743745
4.046875
1.828125
2.095681145091928
2.357910819365587
2.638252404148723
2.948080539607962
3.291296376975343
3.66261832416003
4.087004609804533
4.453125
2.140625
2.434730830397011
2.71796351239108
3.014915420899035
3.34017028221083
3.698337709743745
4.087004609804533
4.51862240060253
4.890625
2.484375
2.734375
3.015625
3.328125
3.671875
4.046875
4.453125
4.890625
5.359375
0.8125
0.953125
1.125
1.328125
1.5625
1.828125
2.125
2.453125
2.8125
0.953125
1.157667514188216
1.346582700321871
1.564423627357326
1.814121639191526
2.095681145091928
2.406295393528116
2.762117761611177
3.078125
1.125
1.34658270032187
1.561365302262624
1.795774032995419
2.06063175564438
2.357910819365586
2.68298867819595
3.060351002974904
3.375
1.328125
1.564423627357326
1.795774032995419
2.045636257254639
2.325524331707966
2.638252404148723
2.978582073932122
3.372651440594346
3.703125
1.5625
1.814121639191526
2.060631755644381
2.325524331707966
2.62010517480844
2.948080539607962
3.303982697757852
3.713398945848484
4.0625
1.828125
2.095681145091928
2.357910819365586
2.638252404148723
2.948080539607962
3.291296376975342
3.66261832416003
4.087004609804531
4.453125
2.125
2.406295393528116
2.682988678195951
2.978582073932122
3.303982697757852
3.66261832416003
4.05027832985709
4.491540632252968
4.875
2.453125
2.762117761611176
3.060351002974905
3.372651440594347
3.713398945848484
4.087004609804532
4.491540632252967
4.939250534715219
5.328125
2.8125
3.078125
3.375
3.703125
4.0625
4.453125
4.875
5.328125
5.8125
1.046875
1.203125
1.390625
1.609375
1.859375
2.140625
2.453125
2.796875
3.171875
1.203125
1.431326871275206
1.638644772152136
1.872465043882351
2.137785416199797
2.434730830397011
2.762117761611177
3.12667130580856
3.453125
1.390625
1.638644772152136
1.8741135926246
2.1249820046347
2.40546669653777
2.717963512391081
3.060351002974905
3.444597505713419
3.765625
1.609375
1.872465043882351
2.1249820046347
2.391575917760438
2.687074304861694
3.014915420899035
3.372651440594347
3.773456573530365
4.109375
1.859375
2.137785416199797
2.40546669653777
2.687074304861694
2.997188411215927
3.340170282210831
3.713398945848484
4.129738079163886
4.484375
2.140625
2.434730830397011
2.71796351239108
3.014915420899035
3.340170282210831
3.698337709743745
4.087004609804532
4.518622400602529
4.890625
2.453125
2.762117761611176
3.060351002974905
3.372651440594347
3.713398945848484
4.087004609804532
4.491540632252967
4.939250534715217
5.328125
2.796875
3.126671305808559
3.444597505713419
3.773456573530365
4.129738079163886
4.518622400602529
4.939250534715218
5.39776156175989
5.796875
3.171875
3.453125
3.765625
4.109375
4.484375
4.890625
5.328125
5.796875
6.296875
1.3125
1.484375
1.6875
1.921875
2.1875
2.484375
2.8125
3.171875
3.5625
1.484375
1.671875
1.890625
2.140625
2.421875
2.734375
3.078125
3.453125
3.859375
1.6875
1.890625
2.125
2.390625
2.6875
3.015625
3.375
3.765625
4.1875
1.921875
2.140625
2.390625
2.671875
2.984375
3.328125
3.703125
4.109375
4.546875
2.1875
2.421875
2.6875
2.984375
3.3125
3.671875
4.0625
4.484375
4.9375
2.484375
2.734375
3.015625
3.328125
3.671875
4.046875
4.453125
4.890625
5.359375
2.8125
3.078125
3.375
3.703125
4.0625
4.453125
4.875
5.328125
5.8125
3.171875
3.453125
3.765625
4.109375
4.484375
4.890625
5.328125
5.796875
6.296875
3.5625
3.859375
4.1875
4.546875
4.9375
5.359375
5.8125
6.296875
6.8125
0.140625
0.203125
0.296875
0.421875
0.578125
0.765625
0.984375
1.234375
1.515625
0.203125
0.28125
0.390625
0.53125
0.703125
0.90625
1.140625
1.40625
1.703125
0.296875
0.390625
0.515625
0.671875
0.859375
1.078125
1.328125
1.609375
1.921875
0.421875
0.53125
0.671875
0.84375
1.046875
1.28125
1.546875
1.84375
2.171875
0.578125
0.703125
0.859375
1.046875
1.265625
1.515625
1.796875
2.109375
2.453125
0.765625
0.90625
1.078125
1.28125
1.515625
1.78125
2.078125
2.40625
2.765625
0.984375
1.140625
1.328125
1.546875
1.796875
2.078125
2.390625
2.734375
3.109375
1.234375
1.40625
1.609375
1.84375
2.109375
2.40625
2.734375
3.09375
3.484375
1.515625
1.703125
1.921875
2.171875
2.453125
2.765625
3.109375
3.484375
3.890625
0.203125
0.28125
0.390625
0.53125
0.703125
0.90625
1.140625
1.40625
1.703125
0.28125
0.4232352058730514
0.5496660901712179
0.705632372975479
0.8929957040693123
1.112110699957517
1.360400497571445
1.649855112248812
1.90625
0.390625
0.5496660901712179
0.6922509967194108
0.8634541366970085
1.066313560002131
1.301209021790968
1.564423627357326
1.872465043882351
2.140625
0.53125
0.7056323729754791
0.8634541366970085
1.049484227924061
1.267762464535771
1.51830420467164
1.796975702915147
2.121046487578918
2.40625
0.703125
0.8929957040693121
1.066313560002131
1.267762464535771
1.501501608905034
1.767667303301143
2.062003145171482
2.401650783615779
2.703125
0.90625
1.112110699957517
1.301209021790968
1.51830420467164
1.767667303301143
2.049391002512383
2.35918410956444
2.714165935871993
3.03125
1.140625
1.360400497571445
1.564423627357326
1.796975702915148
2.062003145171481
2.359184109564439
2.685274014059838
3.057081165554289
3.390625
1.40625
1.649855112248812
1.872465043882351
2.121046487578918
2.401650783615779
2.714165935871992
3.057081165554289
3.437634883471196
3.78125
1.703125
1.90625
2.140625
2.40625
2.703125
3.03125
3.390625
3.78125
4.203125
0.296875
0.390625
0.515625
0.671875
0.859375
1.078125
1.328125
1.609375
1.921875
0.390625
0.5496660901712179
0.6922509967194111
0.8634541366970085
1.066313560002131
1.301209021790968
1.564423627357326
1.872465043882351
2.140625
0.515625
0.6922509967194111
0.8610387057870336
1.049064120060471
1.267399028916522
1.518176572300538
1.795774032995419
2.1249820046347
2.390625
0.671875
0.8634541366970087
1.04906412006047
1.252644118501148
1.48634860377577
1.752773009704697
2.04563625725464
2.391575917760438
2.671875
0.859375
1.066313560002131
1.267399028916522
1.48634860377577
1.735097152597528
2.01701645634449
2.325524331707966
2.687074304861694
2.984375
1.078125
1.301209021790968
1.518176572300538
1.752773009704697
2.01701645634449
2.314371496719823
2.638252404148723
3.014915420899036
3.328125
1.328125
1.564423627357326
1.795774032995419
2.04563625725464
2.325524331707966
2.638252404148723
2.978582073932121
3.372651440594347
3.703125
1.609375
1.872465043882351
2.1249820046347
2.391575917760438
2.687074304861694
3.014915420899036
3.372651440594348
3.773456573530365
4.109375
1.921875
2.140625
2.390625
2.671875
2.984375
3.328125
3.703125
4.109375
4.546875
0.421875
0.53125
0.671875
0.84375
1.046875
1.28125
1.546875
1.84375
2.171875
0.53125
0.705632372975479
0.8634541366970087
1.049484227924061
1.267762464535771
1.51830420467164
1.796975702915147
2.121046487578919
2.40625
0.671875
0.8634541366970085
1.049064120060471
1.252644118501148
1.48634860377577
1.752773009704697
2.04563625725464
2.391575917760438
2.671875
0.84375
1.049484227924061
1.252644118501148
1.475047716890686
1.724968859103864
2.007113757608587
2.31513024606008
2.678347383491124
2.96875
1.046875
1.267762464535771
1.48634860377577
1.724968859103864
1.990137035409997
2.287701444207809
2.611307533432618
2.990264970014251
3.296875
1.28125
1.51830420467164
1.752773009704697
2.007113757608587
2.287701444207809
2.600489289412325
2.939376707188817
3.333338120907102
3.65625
1.546875
1.796975702915147
2.045636257254639
2.31513024606008
2.611307533432618
2.939376707188817
3.294708832099519
3.706185755528979
4.046875
1.84375
2.121046487578918
2.391575917760438
2.678347383491124
2.990264970014251
3.333338120907102
3.706185755528978
4.123941842274765
4.46875
2.171875
2.40625
2.671875
2.96875
3.296875
3.65625
4.046875
4.46875
4.921875
0.578125
0.703125
0.859375
1.046875
1.265625
1.515625
1.796875
2.109375
2.453125
0.703125
0.8929957040693122
1.066313560002131
1.267762464535771
1.501501608905034
1.767667303301143
2.062003145171482
2.401650783615779
2.703125
0.859375
1.066313560002131
1.267399028916522
1.48634860377577
1.735097152597528
2.017016456344489
2.325524331707966
2.687074304861694
2.984375
1.046875
1.267762464535771
1.48634860377577
1.724968859103864
1.990137035409997
2.287701444207809
2.611307533432617
2.990264970014251
3.296875
1.265625
1.501501608905034
1.735097152597528
1.990137035409997
2.270942056162248
2.583937904175047
2.923085846352831
3.317850728704338
3.640625
1.515625
1.767667303301143
2.01701645634449
2.287701444207809
2.583937904175047
2.912004648150885
3.266327535641437
3.676006331664354
4.015625
1.796875
2.062003145171481
2.325524331707966
2.611307533432618
2.923085846352831
3.266327535641437
3.636995951336567
4.064081494657938
4.421875
2.109375
2.401650783615779
2.687074304861694
2.990264970014251
3.317850728704338
3.676006331664354
4.064081494657938
4.497431661272283
4.859375
2.453125
2.703125
2.984375
3.296875
3.640625
4.015625
4.421875
4.859375
5.328125
0.765625
0.90625
1.078125
1.28125
1.515625
1.78125
2.078125
2.40625
2.765625
0.90625
1.112110699957517
1.301209021790968
1.51830420467164
1.767667303301143
2.049391002512382
2.35918410956444
2.714165935871993
3.03125
1.078125
1.301209021790968
1.518176572300538
1.752773009704697
2.017016456344489
2.314371496719823
2.638252404148723
3.014915420899036
3.328125
1.28125
1.51830420467164
1.752773009704697
2.007113757608587
2.287701444207809
2.600489289412326
2.939376707188817
3.333338120907101
3.65625
1.515625
1.767667303301143
2.017016456344489
2.287701444207809
2.583937904175047
2.912004648150885
3.266327535641436
3.676006331664354
4.015625
1.78125
2.049391002512382
2.314371496719823
2.600489289412325
2.912004648150885
3.254984323436819
3.624403816897657
4.0489137784209
4.40625
2.078125
2.359184109564439
2.638252404148723
2.939376707188817
3.266327535641436
3.624403816897657
4.010165014606099
4.452039721794699
4.828125
2.40625
2.714165935871992
3.014915420899035
3.333338120907101
3.676006331664354
4.0489137784209
4.452039721794699
4.900471938320871
5.28125
2.765625
3.03125
3.328125
3.65625
4.015625
4.40625
4.828125
5.28125
5.765625
0.984375
1.140625
1.328125
1.546875
1.796875
2.078125
2.390625
2.734375
3.109375
1.140625
1.360400497571445
1.564423627357326
1.796975702915148
2.062003145171482
2.35918410956444
2.685274014059838
3.057081165554289
3.390625
1.328125
1.564423627357326
1.795774032995419
2.04563625725464
2.325524331707966
2.638252404148723
2.978582073932121
3.372651440594347
3.703125
1.546875
1.796975702915147
2.04563625725464
2.31513024606008
2.611307533432618
2.939376707188817
3.294708832099519
3.706185755528978
4.046875
1.796875
2.062003145171482
2.325524331707966
2.611307533432618
2.923085846352831
3.266327535641437
3.636995951336567
4.064081494657938
4.421875
2.078125
2.359184109564439
2.638252404148723
2.939376707188817
3.266327535641437
3.624403816897657
4.010165014606097
4.452039721794698
4.828125
2.390625
2.685274014059838
2.978582073932121
3.294708832099519
3.636995951336567
4.010165014606098
4.412042785020803
4.870698978446855
5.265625
2.734375
3.057081165554288
3.372651440594347
3.706185755528977
4.064081494657938
4.452039721794699
4.870698978446856
5.335059733598848
5.734375
3.109375
3.390625
3.703125
4.046875
4.421875
4.828125
5.265625
5.734375
6.234375
1.234375
1.40625
1.609375
1.84375
2.109375
2.40625
2.734375
3.09375
3.484375
1.40625
1.649855112248812
1.872465043882351
2.121046487578918
2.401650783615779
2.714165935871993
3.057081165554288
3.437634883471196
3.78125
1.609375
1.872465043882351
2.1249820046347
2.391575917760438
2.687074304861694
3.014915420899036
3.372651440594347
3.773456573530365
4.109375
1.84375
2.121046487578918
2.391575917760438
2.678347383491124
2.990264970014251
3.333338120907102
3.706185755528977
4.123941842274764
4.46875
2.109375
2.401650783615779
2.687074304861694
2.990264970014251
3.317850728704338
3.676006331664354
4.064081494657939
4.497431661272283
4.859375
2.40625
2.714165935871992
3.014915420899036
3.333338120907102
3.676006331664354
4.0489137784209
4.452039721794698
4.90047193832087
5.28125
2.734375
3.057081165554289
3.372651440594347
3.706185755528977
4.064081494657938
4.452039721794699
4.870698978446856
5.335059733598847
5.734375
3.09375
3.437634883471195
3.773456573530365
4.123941842274764
4.497431661272282
4.900471938320871
5.335059733598848
5.80972695205958
6.21875
3.484375
3.78125
4.109375
4.46875
4.859375
5.28125
5.734375
6.21875
6.734375
1.515625
1.703125
1.921875
2.171875
2.453125
2.765625
3.109375
3.484375
3.890625
1.703125
1.90625
2.140625
2.40625
2.703125
3.03125
3.390625
3.78125
4.203125
1.921875
2.140625
2.390625
2.671875
2.984375
3.328125
3.703125
4.109375
4.546875
2.171875
2.40625
2.671875
2.96875
3.296875
3.65625
4.046875
4.46875
4.921875
2.453125
2.703125
2.984375
3.296875
3.640625
4.015625
4.421875
4.859375
5.328125
2.765625
3.03125
3.328125
3.65625
4.015625
4.40625
4.828125
5.28125
5.765625
3.109375
3.390625
3.703125
4.046875
4.421875
4.828125
5.265625
5.734375
6.234375
3.484375
3.78125
4.109375
4.46875
4.859375
5.28125
5.734375
6.21875
6.734375
3.890625
4.203125
4.546875
4.921875
5.328125
5.765625
6.234375
6.734375
7.265625
0.25
0.328125
0.4375
0.578125
0.75
0.953125
1.1875
1.453125
1.75
0.328125
0.421875
0.546875
0.703125
0.890625
1.109375
1.359375
1.640625
1.953125
0.4375
0.546875
0.6875
0.859375
1.0625
1.296875
1.5625
1.859375
2.1875
0.578125
0.703125
0.859375
1.046875
1.265625
1.515625
1.796875
2.109375
2.453125
0.75
0.890625
1.0625
1.265625
1.5
1.765625
2.0625
2.390625
2.75
0.953125
1.109375
1.296875
1.515625
1.765625
2.046875
2.359375
2.703125
3.078125
1.1875
1.359375
1.5625
1.796875
2.0625
2.359375
2.6875
3.046875
3.4375
1.453125
1.640625
1.859375
2.109375
2.390625
2.703125
3.046875
3.421875
3.828125
1.75
1.953125
2.1875
2.453125
2.75
3.078125
3.4375
3.828125
4.25
0.328125
0.421875
0.546875
0.703125
0.890625
1.109375
1.359375
1.640625
1.953125
0.421875
0.5794235050991854
0.721449035499524
0.8929957040693121
1.095964904355645
1.330723077319104
1.594663636267542
1.899753132154873
2.171875
0.546875
0.721449035499524
0.8796027770130711
1.066313560002131
1.284713828969805
1.535248892593425
1.814121639191526
2.137785416199797
2.421875
0.703125
0.8929957040693123
1.066313560002131
1.267762464535771
1.501501608905034
1.767667303301143
2.062003145171482
2.401650783615779
2.703125
0.890625
1.095964904355645
1.284713828969805
1.501501608905034
1.750635463890194
2.032403495615016
2.34241069629902
2.697573553175961
3.015625
1.109375
1.330723077319104
1.535248892593425
1.767667303301143
2.032403495615016
2.32971117303922
2.65517496959928
3.025623450777216
3.359375
1.359375
1.594663636267542
1.814121639191526
2.062003145171482
2.34241069629902
2.65517496959928
2.996916546821551
3.384151806496198
3.734375
1.640625
1.899753132154873
2.137785416199797
2.401650783615779
2.697573553175961
3.025623450777216
3.384151806496198
3.78027017488695
4.140625
1.953125
2.171875
2.421875
2.703125
3.015625
3.359375
3.734375
4.140625
4.578125
0.4375
0.546875
0.6875
0.859375
1.0625
1.296875
1.5625
1.859375
2.1875
0.546875
0.721449035499524
0.8796027770130711
1.066313560002131
1.284713828969805
1.535248892593425
1.814121639191526
2.137785416199797
2.421875
0.6875
0.879602777013071
1.063985259716993
1.267399028916522
1.501012998331704
1.767376631518402
2.060631755644381
2.40546669653777
2.6875
0.859375
1.066313560002131
1.267399028916522
1.48634860377577
1.735097152597528
2.017016456344489
2.325524331707966
2.687074304861694
2.984375
1.0625
1.284713828969805
1.501012998331704
1.735097152597528
1.998663906567988
2.295964685763265
2.62010517480844
2.997188411215928
3.3125
1.296875
1.535248892593426
1.767376631518402
2.01701645634449
2.295964685763265
2.608593536279329
2.948080539607962
3.340170282210831
3.671875
1.5625
1.814121639191526
2.060631755644381
2.325524331707966
2.62010517480844
2.948080539607962
3.303982697757852
3.713398945848484
4.0625
1.859375
2.137785416199797
2.40546669653777
2.687074304861694
2.997188411215927
3.340170282210831
3.713398945848485
4.129738079163887
4.484375
2.1875
2.421875
2.6875
2.984375
3.3125
3.671875
4.0625
4.484375
4.9375
0.578125
0.703125
0.859375
1.046875
1.265625
1.515625
1.796875
2.109375
2.453125
0.703125
0.8929957040693123
1.066313560002131
1.267762464535771
1.501501608905034
1.767667303301143
2.062003145171482
2.401650783615779
2.703125
0.859375
1.066313560002131
1.267399028916522
1.48634860377577
1.735097152597528
2.01701645634449
2.325524331707966
2.687074304861694
2.984375
1.046875
1.267762464535771
1.48634860377577
1.724968859103864
1.990137035409997
2.287701444207809
2.611307533432617
2.99026497001425
3.296875
1.265625
1.501501608905034
1.735097152597528
1.990137035409997
2.270942056162249
2.583937904175047
2.923085846352831
3.317850728704338
3.640625
1.515625
1.767667303301143
2.01701645634449
2.287701444207809
2.583937904175047
2.912004648150884
3.266327535641437
3.676006331664354
4.015625
1.796875
2.062003145171482
2.325524331707966
2.611307533432618
2.923085846352831
3.266327535641437
3.636995951336567
4.064081494657937
4.421875
2.109375
2.401650783615779
2.687074304861694
2.990264970014251
3.317850728704338
3.676006331664354
4.064081494657938
4.497431661272283
4.859375
2.453125
2.703125
2.984375
3.296875
3.640625
4.015625
4.421875
4.859375
5.328125
0.75
0.890625
1.0625
1.265625
1.5
1.765625
2.0625
2.390625
2.75
0.890625
1.095964904355645
1.284713828969805
1.501501608905034
1.750635463890193
2.032403495615016
2.342410696299019
2.69757355317596
3.015625
1.0625
1.284713828969805
1.501012998331704
1.735097152597528
1.998663906567987
2.295964685763265
2.62010517480844
2.997188411215927
3.3125
1.265625
1.501501608905034
1.735097152597528
1.990137035409997
2.270942056162249
2.583937904175047
2.923085846352831
3.317850728704338
3.640625
1.5
1.750635463890194
1.998663906567988
2.270942056162249
2.569249822052095
2.898333780860903
3.253033075535449
3.663909204365058
4
1.765625
2.032403495615016
2.295964685763265
2.583937904175047
2.898333780860902
3.242758864443573
3.612550904458841
4.038381073717707
4.390625
2.0625
2.342410696299019
2.62010517480844
2.923085846352831
3.253033075535449
3.612550904458841
3.99851590848997
4.441646917523578
4.8125
2.390625
2.697573553175961
2.997188411215927
3.317850728704338
3.663909204365058
4.038381073717708
4.441646917523577
4.890679148492702
5.265625
2.75
3.015625
3.3125
3.640625
4
4.390625
4.8125
5.265625
5.75
0.953125
1.109375
1.296875
1.515625
1.765625
2.046875
2.359375
2.703125
3.078125
1.109375
1.330723077319104
1.535248892593425
1.767667303301143
2.032403495615016
2.32971117303922
2.65517496959928
3.025623450777216
3.359375
1.296875
1.535248892593425
1.767376631518402
2.01701645634449
2.295964685763265
2.608593536279329
2.948080539607962
3.340170282210831
3.671875
1.515625
1.767667303301143
2.01701645634449
2.287701444207809
2.583937904175047
2.912004648150884
3.266327535641437
3.676006331664355
4.015625
1.765625
2.032403495615016
2.295964685763265
2.583937904175047
2.898333780860902
3.242758864443572
3.612550904458841
4.038381073717707
4.390625
2.046875
2.32971117303922
2.608593536279329
2.912004648150885
3.242758864443572
3.602886984784843
3.987815316419465
4.428654317540739
4.796875
2.359375
2.65517496959928
2.948080539607962
3.266327535641437
3.61255090445884
3.987815316419465
4.388918922070987
4.847046409569667
5.234375
2.703125
3.025623450777216
3.340170282210831
3.676006331664355
4.038381073717707
4.428654317540739
4.847046409569667
5.311133803796881
5.703125
3.078125
3.359375
3.671875
4.015625
4.390625
4.796875
5.234375
5.703125
6.203125
1.1875
1.359375
1.5625
1.796875
2.0625
2.359375
2.6875
3.046875
3.4375
1.359375
1.594663636267542
1.814121639191526
2.062003145171482
2.342410696299019
2.65517496959928
2.996916546821551
3.384151806496199
3.734375
1.5625
1.814121639191526
2.060631755644381
2.325524331707965
2.62010517480844
2.948080539607962
3.303982697757852
3.713398945848484
4.0625
1.796875
2.062003145171481
2.325524331707965
2.611307533432617
2.923085846352831
3.266327535641437
3.636995951336567
4.064081494657938
4.421875
2.0625
2.34241069629902
2.62010517480844
2.923085846352831
3.253033075535449
3.61255090445884
3.998515908489969
4.441646917523578
4.8125
2.359375
2.65517496959928
2.948080539607962
3.266327535641437
3.612550904458841
3.987815316419464
4.388918922070988
4.847046409569667
5.234375
2.6875
2.996916546821551
3.303982697757852
3.636995951336567
3.998515908489969
4.388918922070986
4.805947935611007
5.280745249420383
5.6875
3.046875
3.384151806496199
3.713398945848484
4.064081494657938
4.441646917523578
4.847046409569668
5.280745249420383
5.760524710938315
6.171875
3.4375
3.734375
4.0625
4.421875
4.8125
5.234375
5.6875
6.171875
6.6875
1.453125
1.640625
1.859375
2.109375
2.390625
2.703125
3.046875
3.421875
3.828125
1.640625
1.899753132154873
2.137785416199797
2.401650783615779
2.69757355317596
3.025623450777216
3.384151806496198
3.780270174886949
4.140625
1.859375
2.137785416199797
2.40546669653777
2.687074304861694
2.997188411215927
3.340170282210831
3.713398945848484
4.129738079163887
4.484375
2.109375
2.401650783615779
2.687074304861694
2.99026497001425
3.317850728704338
3.676006331664354
4.064081494657938
4.497431661272283
4.859375
2.390625
2.69757355317596
2.997188411215928
3.317850728704338
3.663909204365058
4.038381073717707
4.441646917523577
4.890679148492702
5.265625
2.703125
3.025623450777216
3.340170282210831
3.676006331664354
4.038381073717707
4.428654317540739
4.847046409569667
5.31113380379688
5.703125
3.046875
3.384151806496198
3.713398945848485
4.064081494657937
4.441646917523577
4.847046409569667
5.280745249420382
5.760524710938316
6.171875
3.421875
3.780270174886949
4.129738079163887
4.497431661272283
4.890679148492702
5.31113380379688
5.760524710938314
6.250058507864948
6.671875
3.828125
4.140625
4.484375
4.859375
5.265625
5.703125
6.171875
6.671875
7.203125
1.75
1.953125
2.1875
2.453125
2.75
3.078125
3.4375
3.828125
4.25
1.953125
2.171875
2.421875
2.703125
3.015625
3.359375
3.734375
4.140625
4.578125
2.1875
2.421875
2.6875
2.984375
3.3125
3.671875
4.0625
4.484375
4.9375
2.453125
2.703125
2.984375
3.296875
3.640625
4.015625
4.421875
4.859375
5.328125
2.75
3.015625
3.3125
3.640625
4
4.390625
4.8125
5.265625
5.75
3.078125
3.359375
3.671875
4.015625
4.390625
4.796875
5.234375
5.703125
6.203125
3.4375
3.734375
4.0625
4.421875
4.8125
5.234375
5.6875
6.171875
6.6875
3.828125
4.140625
4.484375
4.859375
5.265625
5.703125
6.171875
6.671875
7.203125
4.25
4.578125
4.9375
5.328125
5.75
6.203125
6.6875
7.203125
7.75
0.390625
0.484375
0.609375
0.765625
0.953125
1.171875
1.421875
1.703125
2.015625
0.484375
0.59375
0.734375
0.90625
1.109375
1.34375
1.609375
1.90625
2.234375
0.609375
0.734375
0.890625
1.078125
1.296875
1.546875
1.828125
2.140625
2.484375
0.765625
0.90625
1.078125
1.28125
1.515625
1.78125
2.078125
2.40625
2.765625
0.953125
1.109375
1.296875
1.515625
1.765625
2.046875
2.359375
2.703125
3.078125
1.171875
1.34375
1.546875
1.78125
2.046875
2.34375
2.671875
3.03125
3.421875
1.421875
1.609375
1.828125
2.078125
2.359375
2.671875
3.015625
3.390625
3.796875
1.703125
1.90625
2.140625
2.40625
2.703125
3.03125
3.390625
3.78125
4.203125
2.015625
2.234375
2.484375
2.765625
3.078125
3.421875
3.796875
4.203125
4.640625
0.484375
0.59375
0.734375
0.90625
1.109375
1.34375
1.609375
1.90625
2.234375
0.59375
0.7671852555382779
0.9249245739617081
1.112110699957517
1.330723077319104
1.581060918799519
1.860497256162727
2.181060778558495
2.46875
0.734375
0.9249245739617082
1.098848657989398
1.301209021790968
1.535248892593425
1.801351517814502
2.095681145091928
2.434730830397011
2.734375
0.90625
1.112110699957517
1.301209021790968
1.51830420467164
1.767667303301143
2.049391002512383
2.359184109564439
2.714165935871992
3.03125
1.109375
1.330723077319104
1.535248892593426
1.767667303301143
2.032403495615016
2.32971117303922
2.65517496959928
3.025623450777216
3.359375
1.34375
1.581060918799518
1.801351517814502
2.049391002512383
2.329711173039219
2.642546548848796
2.983492497292048
3.369225717665638
3.71875
1.609375
1.860497256162726
2.095681145091928
2.359184109564439
2.65517496959928
2.983492497292049
3.340780091993372
3.74334201861931
4.109375
1.90625
2.181060778558495
2.434730830397011
2.714165935871992
3.025623450777216
3.369225717665638
3.74334201861931
4.154945505531476
4.53125
2.234375
2.46875
2.734375
3.03125
3.359375
3.71875
4.109375
4.53125
4.984375
0.609375
0.734375
0.890625
1.078125
1.296875
1.546875
1.828125
2.140625
2.484375
0.734375
0.924924573961708
1.098848657989398
1.301209021790968
1.535248892593425
1.801351517814502
2.095681145091928
2.43473083039701
2.734375
0.890625
1.098848657989397
1.299103234908373
1.518176572300538
1.767376631518402
2.049261889558813
2.357910819365586
2.71796351239108
3.015625
1.078125
1.301209021790968
1.518176572300538
1.752773009704697
2.017016456344489
2.314371496719823
2.638252404148723
3.014915420899036
3.328125
1.296875
1.535248892593425
1.767376631518402
2.017016456344489
2.295964685763265
2.608593536279329
2.948080539607962
3.340170282210831
3.671875
1.546875
1.801351517814502
2.049261889558813
2.314371496719823
2.608593536279329
2.936458671316709
3.291296376975343
3.698337709743745
4.046875
1.828125
2.095681145091928
2.357910819365586
2.638252404148723
2.948080539607962
3.291296376975343
3.66261832416003
4.087004609804533
4.453125
2.140625
2.434730830397011
2.71796351239108
3.014915420899036
3.340170282210831
3.698337709743745
4.087004609804532
4.51862240060253
4.890625
2.484375
2.734375
3.015625
3.328125
3.671875
4.046875
4.453125
4.890625
5.359375
0.765625
0.90625
1.078125
1.28125
1.515625
1.78125
2.078125
2.40625
2.765625
0.90625
1.112110699957517
1.301209021790968
1.51830420467164
1.767667303301143
2.049391002512383
2.359184109564439
2.714165935871993
3.03125
1.078125
1.301209021790968
1.518176572300538
1.752773009704697
2.017016456344489
2.314371496719823
2.638252404148723
3.014915420899036
3.328125
1.28125
1.51830420467164
1.752773009704698
2.007113757608587
2.287701444207809
2.600489289412325
2.939376707188817
3.333338120907102
3.65625
1.515625
1.767667303301143
2.017016456344489
2.287701444207809
2.583937904175047
2.912004648150885
3.266327535641437
3.676006331664355
4.015625
1.78125
2.049391002512383
2.314371496719823
2.600489289412326
2.912004648150884
3.254984323436819
3.624403816897657
4.0489137784209
4.40625
2.078125
2.359184109564439
2.638252404148723
2.939376707188817
3.266327535641437
3.624403816897657
4.010165014606099
4.452039721794699
4.828125
2.40625
2.714165935871992
3.014915420899036
3.333338120907102
3.676006331664354
4.0489137784209
4.452039721794699
4.900471938320872
5.28125
2.765625
3.03125
3.328125
3.65625
4.015625
4.40625
4.828125
5.28125
5.765625
0.953125
1.109375
1.296875
1.515625
1.765625
2.046875
2.359375
2.703125
3.078125
1.109375
1.330723077319104
1.535248892593425
1.767667303301143
2.032403495615016
2.32971117303922
2.65517496959928
3.025623450777216
3.359375
1.296875
1.535248892593425
1.767376631518402
2.01701645634449
2.295964685763265
2.608593536279328
2.948080539607962
3.34017028221083
3.671875
1.515625
1.767667303301143
2.017016456344489
2.287701444207809
2.583937904175047
2.912004648150884
3.266327535641437
3.676006331664355
4.015625
1.765625
2.032403495615016
2.295964685763265
2.583937904175047
2.898333780860903
3.242758864443573
3.612550904458841
4.038381073717707
4.390625
2.046875
2.32971117303922
2.608593536279329
2.912004648150885
3.242758864443572
3.602886984784843
3.987815316419464
4.428654317540739
4.796875
2.359375
2.65517496959928
2.948080539607962
3.266327535641437
3.612550904458841
3.987815316419464
4.388918922070986
4.847046409569666
5.234375
2.703125
3.025623450777216
3.34017028221083
3.676006331664354
4.038381073717707
4.428654317540739
4.847046409569666
5.31113380379688
5.703125
3.078125
3.359375
3.671875
4.015625
4.390625
4.796875
5.234375
5.703125
6.203125
1.171875
1.34375
1.546875
1.78125
2.046875
2.34375
2.671875
3.03125
3.421875
1.34375
1.581060918799519
1.801351517814502
2.049391002512383
2.32971117303922
2.642546548848796
2.983492497292049
3.369225717665638
3.71875
1.546875
1.801351517814502
2.049261889558813
2.314371496719823
2.608593536279329
2.93645867131671
3.291296376975342
3.698337709743745
4.046875
1.78125
2.049391002512383
2.314371496719823
2.600489289412325
2.912004648150885
3.254984323436819
3.624403816897657
4.0489137784209
4.40625
2.046875
2.32971117303922
2.608593536279329
2.912004648150885
3.242758864443573
3.602886984784843
3.987815316419464
4.428654317540739
4.796875
2.34375
2.642546548848796
2.936458671316709
3.254984323436818
3.602886984784843
3.980057433549191
4.380637713293971
4.836847117774096
5.21875
2.671875
2.983492497292048
3.291296376975342
3.624403816897657
3.987815316419464
4.380637713293972
4.797725939520625
5.271449209025667
5.671875
3.03125
3.369225717665637
3.698337709743745
4.0489137784209
4.428654317540739
4.836847117774096
5.271449209025667
5.750967112831563
6.15625
3.421875
3.71875
4.046875
4.40625
4.796875
5.21875
5.671875
6.15625
6.671875
1.421875
1.609375
1.828125
2.078125
2.359375
2.671875
3.015625
3.390625
3.796875
1.609375
1.860497256162726
2.095681145091928
2.359184109564439
2.65517496959928
2.983492497292049
3.340780091993372
3.743342018619311
4.109375
1.828125
2.095681145091928
2.357910819365586
2.638252404148723
2.948080539607962
3.291296376975343
3.662618324160031
4.087004609804532
4.453125
2.078125
2.359184109564439
2.638252404148723
2.939376707188817
3.266327535641437
3.624403816897657
4.010165014606098
4.452039721794699
4.828125
2.359375
2.65517496959928
2.948080539607962
3.266327535641437
3.612550904458841
3.987815316419464
4.388918922070986
4.847046409569666
5.234375
2.671875
2.983492497292048
3.291296376975343
3.624403816897657
3.987815316419464
4.380637713293972
4.797725939520625
5.271449209025667
5.671875
3.015625
3.340780091993372
3.662618324160031
4.010165014606099
4.388918922070986
4.797725939520624
5.231428436575501
5.722323167675412
6.140625
3.390625
3.743342018619311
4.087004609804532
4.452039721794698
4.847046409569668
5.271449209025667
5.722323167675412
6.217969404082171
6.640625
3.796875
4.109375
4.453125
4.828125
5.234375
5.671875
6.140625
6.640625
7.171875
1.703125
1.90625
2.140625
2.40625
2.703125
3.03125
3.390625
3.78125
4.203125
1.90625
2.181060778558495
2.434730830397011
2.714165935871992
3.025623450777216
3.369225717665638
3.74334201861931
4.154945505531476
4.53125
2.140625
2.434730830397011
2.71796351239108
3.014915420899035
3.34017028221083
3.698337709743745
4.087004609804532
4.51862240060253
4.890625
2.40625
2.714165935871992
3.014915420899036
3.333338120907102
3.676006331664354
4.0489137784209
4.452039721794698
4.90047193832087
5.28125
2.703125
3.025623450777216
3.34017028221083
3.676006331664354
4.038381073717706
4.428654317540738
4.847046409569666
5.31113380379688
5.703125
3.03125
3.369225717665638
3.698337709743744
4.0489137784209
4.428654317540739
4.836847117774096
5.271449209025667
5.750967112831563
6.15625
3.390625
3.74334201861931
4.087004609804532
4.452039721794699
4.847046409569667
5.271449209025667
5.722323167675412
6.217969404082171
6.640625
3.78125
4.154945505531476
4.51862240060253
4.900471938320871
5.31113380379688
5.750967112831562
6.21796940408217
6.72326413495561
7.15625
4.203125
4.53125
4.890625
5.28125
5.703125
6.15625
6.640625
7.15625
7.703125
2.015625
2.234375
2.484375
2.765625
3.078125
3.421875
3.796875
4.203125
4.640625
2.234375
2.46875
2.734375
3.03125
3.359375
3.71875
4.109375
4.53125
4.984375
2.484375
2.734375
3.015625
3.328125
3.671875
4.046875
4.453125
4.890625
5.359375
2.765625
3.03125
3.328125
3.65625
4.015625
4.40625
4.828125
5.28125
5.765625
3.078125
3.359375
3.671875
4.015625
4.390625
4.796875
5.234375
5.703125
6.203125
3.421875
3.71875
4.046875
4.40625
4.796875
5.21875
5.671875
6.15625
6.671875
3.796875
4.109375
4.453125
4.828125
5.234375
5.671875
6.140625
6.640625
7.171875
4.203125
4.53125
4.890625
5.28125
5.703125
6.15625
6.640625
7.15625
7.703125
4.640625
4.984375
5.359375
5.765625
6.203125
6.671875
7.171875
7.703125
8.265625
0.5625
0.671875
0.8125
0.984375
1.1875
1.421875
1.6875
1.984375
2.3125
0.671875
0.796875
0.953125
1.140625
1.359375
1.609375
1.890625
2.203125
2.546875
0.8125
0.953125
1.125
1.328125
1.5625
1.828125
2.125
2.453125
2.8125
0.984375
1.140625
1.328125
1.546875
1.796875
2.078125
2.390625
2.734375
3.109375
1.1875
1.359375
1.5625
1.796875
2.0625
2.359375
2.6875
3.046875
3.4375
1.421875
1.609375
1.828125
2.078125
2.359375
2.671875
3.015625
3.390625
3.796875
1.6875
1.890625
2.125
2.390625
2.6875
3.015625
3.375
3.765625
4.1875
1.984375
2.203125
2.453125
2.734375
3.046875
3.390625
3.765625
4.171875
4.609375
2.3125
2.546875
2.8125
3.109375
3.4375
3.796875
4.1875
4.609375
5.0625
0.671875
0.796875
0.953125
1.140625
1.359375
1.609375
1.890625
2.203125
2.546875
0.796875
0.984690061866634
1.157667514188216
1.360400497571445
1.594663636267542
1.860497256162727
2.156104613131891
2.49311834541614
2.796875
0.953125
1.157667514188216
1.34658270032187
1.564423627357326
1.814121639191526
2.095681145091928
2.406295393528115
2.762117761611177
3.078125
1.140625
1.360400497571445
1.564423627357326
1.796975702915147
2.062003145171481
2.359184109564439
2.685274014059838
3.057081165554289
3.390625
1.359375
1.594663636267542
1.814121639191526
2.062003145171481
2.342410696299019
2.65517496959928
2.996916546821551
3.384151806496199
3.734375
1.609375
1.860497256162727
2.095681145091928
2.359184109564439
2.65517496959928
2.983492497292048
3.340780091993371
3.74334201861931
4.109375
1.890625
2.156104613131891
2.406295393528115
2.685274014059838
2.996916546821551
3.340780091993372
3.714277331029294
4.133313643117762
4.515625
2.203125
2.49311834541614
2.762117761611177
3.057081165554289
3.384151806496199
3.74334201861931
4.133313643117762
4.560833456553527
4.953125
2.546875
2.796875
3.078125
3.390625
3.734375
4.109375
4.515625
4.953125
5.421875
0.8125
0.953125
1.125
1.328125
1.5625
1.828125
2.125
2.453125
2.8125
0.953125
1.157667514188216
1.346582700321871
1.564423627357326
1.814121639191526
2.095681145091928
2.406295393528116
2.762117761611177
3.078125
1.125
1.34658270032187
1.561365302262624
1.795774032995419
2.060631755644381
2.357910819365586
2.68298867819595
3.060351002974905
3.375
1.328125
1.564423627357326
1.795774032995419
2.045636257254639
2.325524331707966
2.638252404148723
2.978582073932121
3.372651440594347
3.703125
1.5625
1.814121639191526
2.060631755644381
2.325524331707966
2.62010517480844
2.948080539607962
3.303982697757852
3.713398945848485
4.0625
1.828125
2.095681145091928
2.357910819365586
2.638252404148723
2.948080539607962
3.291296376975343
3.662618324160031
4.087004609804533
4.453125
2.125
2.406295393528115
2.68298867819595
2.978582073932122
3.303982697757852
3.662618324160031
4.050278329857091
4.491540632252968
4.875
2.453125
2.762117761611177
3.060351002974905
3.372651440594347
3.713398945848484
4.087004609804532
4.491540632252968
4.939250534715218
5.328125
2.8125
3.078125
3.375
3.703125
4.0625
4.453125
4.875
5.328125
5.8125
0.984375
1.140625
1.328125
1.546875
1.796875
2.078125
2.390625
2.734375
3.109375
1.140625
1.360400497571445
1.564423627357326
1.796975702915147
2.062003145171481
2.359184109564439
2.685274014059838
3.057081165554289
3.390625
1.328125
1.564423627357326
1.795774032995419
2.045636257254639
2.325524331707965
2.638252404148723
2.978582073932121
3.372651440594347
3.703125
1.546875
1.796975702915147
2.04563625725464
2.31513024606008
2.611307533432617
2.939376707188817
3.294708832099519
3.706185755528978
4.046875
1.796875
2.062003145171482
2.325524331707966
2.611307533432618
2.923085846352831
3.266327535641437
3.636995951336567
4.064081494657938
4.421875
2.078125
2.359184109564439
2.638252404148723
2.939376707188817
3.266327535641437
3.624403816897657
4.010165014606099
4.452039721794698
4.828125
2.390625
2.685274014059838
2.978582073932121
3.294708832099519
3.636995951336567
4.010165014606097
4.412042785020803
4.870698978446856
5.265625
2.734375
3.057081165554289
3.372651440594347
3.706185755528978
4.064081494657938
4.452039721794699
4.870698978446855
5.335059733598848
5.734375
3.109375
3.390625
3.703125
4.046875
4.421875
4.828125
5.265625
5.734375
6.234375
1.1875
1.359375
1.5625
1.796875
2.0625
2.359375
2.6875
3.046875
3.4375
1.359375
1.594663636267542
1.814121639191526
2.062003145171482
2.342410696299019
2.65517496959928
2.996916546821551
3.384151806496198
3.734375
1.5625
1.814121639191526
2.06063175564438
2.325524331707965
2.620105174808439
2.948080539607962
3.303982697757851
3.713398945848485
4.0625
1.796875
2.062003145171481
2.325524331707966
2.611307533432618
2.923085846352831
3.266327535641437
3.636995951336567
4.064081494657937
4.421875
2.0625
2.342410696299019
2.62010517480844
2.923085846352831
3.253033075535449
3.612550904458841
3.998515908489969
4.441646917523577
4.8125
2.359375
2.65517496959928
2.948080539607962
3.266327535641437
3.61255090445884
3.987815316419464
4.388918922070986
4.847046409569666
5.234375
2.6875
2.996916546821551
3.303982697757852
3.636995951336568
3.99851590848997
4.388918922070987
4.805947935611009
5.280745249420382
5.6875
3.046875
3.384151806496198
3.713398945848484
4.064081494657938
4.441646917523578
4.847046409569666
5.280745249420383
5.760524710938315
6.171875
3.4375
3.734375
4.0625
4.421875
4.8125
5.234375
5.6875
6.171875
6.6875
1.421875
1.609375
1.828125
2.078125
2.359375
2.671875
3.015625
3.390625
3.796875
1.609375
1.860497256162726
2.095681145091928
2.359184109564438
2.65517496959928
2.983492497292049
3.340780091993372
3.74334201861931
4.109375
1.828125
2.095681145091928
2.357910819365586
2.638252404148723
2.948080539607962
3.291296376975342
3.662618324160031
4.087004609804532
4.453125
2.078125
2.359184109564439
2.638252404148723
2.939376707188817
3.266327535641437
3.624403816897657
4.010165014606099
4.452039721794698
4.828125
2.359375
2.65517496959928
2.948080539607962
3.266327535641437
3.61255090445884
3.987815316419464
4.388918922070987
4.847046409569667
5.234375
2.671875
2.983492497292048
3.291296376975343
3.624403816897657
3.987815316419464
4.380637713293971
4.797725939520624
5.271449209025667
5.671875
3.015625
3.340780091993372
3.662618324160031
4.010165014606099
4.388918922070986
4.797725939520625
5.231428436575501
5.722323167675412
6.140625
3.390625
3.743342018619311
4.087004609804533
4.452039721794698
4.847046409569666
5.271449209025667
5.722323167675412
6.21796940408217
6.640625
3.796875
4.109375
4.453125
4.828125
5.234375
5.671875
6.140625
6.640625
7.171875
1.6875
1.890625
2.125
2.390625
2.6875
3.015625
3.375
3.765625
4.1875
1.890625
2.156104613131892
2.406295393528115
2.685274014059838
2.996916546821551
3.340780091993372
3.714277331029294
4.133313643117763
4.515625
2.125
2.406295393528115
2.68298867819595
2.978582073932122
3.303982697757852
3.662618324160031
4.05027832985709
4.491540632252967
4.875
2.390625
2.685274014059838
2.978582073932122
3.294708832099519
3.636995951336568
4.010165014606097
4.412042785020803
4.870698978446856
5.265625
2.6875
2.996916546821551
3.303982697757852
3.636995951336568
3.99851590848997
4.388918922070988
4.805947935611009
5.280745249420382
5.6875
3.015625
3.340780091993372
3.662618324160031
4.010165014606098
4.388918922070987
4.797725939520624
5.231428436575499
5.722323167675412
6.140625
3.375
3.714277331029294
4.050278329857091
4.412042785020803
4.805947935611007
5.231428436575499
5.682530446070102
6.190987215589743
6.625
3.765625
4.133313643117763
4.491540632252969
4.870698978446855
5.280745249420382
5.722323167675412
6.190987215589741
6.703728952722462
7.140625
4.1875
4.515625
4.875
5.265625
5.6875
6.140625
6.625
7.140625
7.6875
1.984375
2.203125
2.453125
2.734375
3.046875
3.390625
3.765625
4.171875
4.609375
2.203125
2.49311834541614
2.762117761611177
3.057081165554289
3.384151806496198
3.743342018619311
4.133313643117764
4.560833456553526
4.953125
2.453125
2.762117761611176
3.060351002974905
3.372651440594347
3.713398945848484
4.087004609804531
4.491540632252967
4.939250534715218
5.328125
2.734375
3.057081165554289
3.372651440594348
3.706185755528978
4.064081494657938
4.452039721794699
4.870698978446855
5.335059733598848
5.734375
3.046875
3.384151806496199
3.713398945848485
4.064081494657938
4.441646917523577
4.847046409569666
5.28074524942038
5.760524710938315
6.171875
3.390625
3.743342018619311
4.087004609804532
4.452039721794698
4.847046409569667
5.271449209025667
5.722323167675412
6.21796940408217
6.640625
3.765625
4.133313643117762
4.491540632252969
4.870698978446855
5.280745249420382
5.722323167675411
6.190987215589743
6.703728952722463
7.140625
4.171875
4.560833456553526
4.93925053471522
5.335059733598848
5.760524710938316
6.21796940408217
6.703728952722463
7.226606711590659
7.671875
4.609375
4.953125
5.328125
5.734375
6.171875
6.640625
7.140625
7.671875
8.234375
2.3125
2.546875
2.8125
3.109375
3.4375
3.796875
4.1875
4.609375
5.0625
2.546875
2.796875
3.078125
3.390625
3.734375
4.109375
4.515625
4.953125
5.421875
2.8125
3.078125
3.375
3.703125
4.0625
4.453125
4.875
5.328125
5.8125
3.109375
3.390625
3.703125
4.046875
4.421875
4.828125
5.265625
5.734375
6.234375
3.4375
3.734375
4.0625
4.421875
4.8125
5.234375
5.6875
6.171875
6.6875
3.796875
4.109375
4.453125
4.828125
5.234375
5.671875
6.140625
6.640625
7.171875
4.1875
4.515625
4.875
5.265625
5.6875
6.140625
6.625
7.140625
7.6875
4.609375
4.953125
5.328125
5.734375
6.171875
6.640625
7.140625
7.671875
8.234375
5.0625
5.421875
5.8125
6.234375
6.6875
7.171875
7.6875
8.234375
8.8125
0.765625
0.890625
1.046875
1.234375
1.453125
1.703125
1.984375
2.296875
2.640625
0.890625
1.03125
1.203125
1.40625
1.640625
1.90625
2.203125
2.53125
2.890625
1.046875
1.203125
1.390625
1.609375
1.859375
2.140625
2.453125
2.796875
3.171875
1.234375
1.40625
1.609375
1.84375
2.109375
2.40625
2.734375
3.09375
3.484375
1.453125
1.640625
1.859375
2.109375
2.390625
2.703125
3.046875
3.421875
3.828125
1.703125
1.90625
2.140625
2.40625
2.703125
3.03125
3.390625
3.78125
4.203125
1.984375
2.203125
2.453125
2.734375
3.046875
3.390625
3.765625
4.171875
4.609375
2.296875
2.53125
2.796875
3.09375
3.421875
3.78125
4.171875
4.59375
5.046875
2.640625
2.890625
3.171875
3.484375
3.828125
4.203125
4.609375
5.046875
5.515625
0.890625
1.03125
1.203125
1.40625
1.640625
1.90625
2.203125
2.53125
2.890625
1.03125
1.241141834649902
1.431326871275206
1.649855112248812
1.899753132154873
2.181060778558495
2.493118345416139
2.84007846891906
3.15625
1.203125
1.431326871275206
1.638644772152136
1.872465043882351
2.137785416199797
2.434730830397011
2.762117761611176
3.126671305808559
3.453125
1.40625
1.649855112248812
1.872465043882351
2.121046487578918
2.401650783615779
2.714165935871992
3.057081165554289
3.437634883471196
3.78125
1.640625
1.899753132154873
2.137785416199797
2.401650783615779
2.69757355317596
3.025623450777216
3.384151806496198
3.780270174886949
4.140625
1.90625
2.181060778558495
2.434730830397011
2.714165935871992
3.025623450777216
3.369225717665638
3.743342018619311
4.154945505531476
4.53125
2.203125
2.49311834541614
2.762117761611177
3.057081165554289
3.384151806496198
3.74334201861931
4.133313643117763
4.560833456553526
4.953125
2.53125
2.84007846891906
3.12667130580856
3.437634883471196
3.78027017488695
4.154945505531476
4.560833456553526
5.000467821008568
5.40625
2.890625
3.15625
3.453125
3.78125
4.140625
4.53125
4.953125
5.40625
5.890625
1.046875
1.203125
1.390625
1.609375
1.859375
2.140625
2.453125
2.796875
3.171875
1.203125
1.431326871275206
1.638644772152136
1.872465043882351
2.137785416199797
2.434730830397011
2.762117761611176
3.12667130580856
3.453125
1.390625
1.638644772152136
1.8741135926246
2.1249820046347
2.40546669653777
2.71796351239108
3.060351002974905
3.444597505713419
3.765625
1.609375
1.872465043882351
2.1249820046347
2.391575917760438
2.687074304861694
3.014915420899035
3.372651440594348
3.773456573530366
4.109375
1.859375
2.137785416199797
2.40546669653777
2.687074304861693
2.997188411215927
3.34017028221083
3.713398945848484
4.129738079163887
4.484375
2.140625
2.434730830397011
2.71796351239108
3.014915420899036
3.34017028221083
3.698337709743744
4.087004609804531
4.518622400602529
4.890625
2.453125
2.762117761611177
3.060351002974905
3.372651440594347
3.713398945848484
4.087004609804531
4.491540632252967
4.939250534715218
5.328125
2.796875
3.12667130580856
3.444597505713419
3.773456573530365
4.129738079163886
4.51862240060253
4.939250534715217
5.397761561759888
5.796875
3.171875
3.453125
3.765625
4.109375
4.484375
4.890625
5.328125
5.796875
6.296875
1.234375
1.40625
1.609375
1.84375
2.109375
2.40625
2.734375
3.09375
3.484375
1.40625
1.649855112248812
1.872465043882351
2.121046487578918
2.401650783615779
2.714165935871992
3.057081165554289
3.437634883471196
3.78125
1.609375
1.872465043882351
2.1249820046347
2.391575917760438
2.687074304861694
3.014915420899036
3.372651440594347
3.773456573530365
4.109375
1.84375
2.121046487578918
2.391575917760438
2.678347383491124
2.990264970014251
3.333338120907102
3.706185755528978
4.123941842274764
4.46875
2.109375
2.401650783615779
2.687074304861694
2.990264970014251
3.317850728704338
3.676006331664354
4.064081494657938
4.497431661272283
4.859375
2.40625
2.714165935871993
3.014915420899035
3.333338120907102
3.676006331664353
4.048913778420899
4.452039721794699
4.900471938320871
5.28125
2.734375
3.057081165554288
3.372651440594348
3.706185755528978
4.064081494657938
4.452039721794698
4.870698978446855
5.335059733598848
5.734375
3.09375
3.437634883471196
3.773456573530365
4.123941842274765
4.497431661272283
4.900471938320871
5.335059733598847
5.80972695205958
6.21875
3.484375
3.78125
4.109375
4.46875
4.859375
5.28125
5.734375
6.21875
6.734375
1.453125
1.640625
1.859375
2.109375
2.390625
2.703125
3.046875
3.421875
3.828125
1.640625
1.899753132154873
2.137785416199797
2.401650783615779
2.69757355317596
3.025623450777216
3.384151806496198
3.780270174886949
4.140625
1.859375
2.137785416199796
2.40546669653777
2.687074304861694
2.997188411215927
3.34017028221083
3.713398945848484
4.129738079163887
4.484375
2.109375
2.401650783615779
2.687074304861694
2.99026497001425
3.317850728704338
3.676006331664353
4.064081494657938
4.497431661272283
4.859375
2.390625
2.69757355317596
2.997188411215927
3.317850728704338
3.663909204365058
4.038381073717707
4.441646917523576
4.890679148492702
5.265625
2.703125
3.025623450777216
3.340170282210831
3.676006331664353
4.038381073717707
4.428654317540739
4.847046409569666
5.31113380379688
5.703125
3.046875
3.384151806496198
3.713398945848485
4.064081494657938
4.441646917523577
4.847046409569666
5.280745249420382
5.760524710938315
6.171875
3.421875
3.780270174886949
4.129738079163886
4.497431661272283
4.890679148492702
5.31113380379688
5.760524710938315
6.250058507864946
6.671875
3.828125
4.140625
4.484375
4.859375
5.265625
5.703125
6.171875
6.671875
7.203125
1.703125
1.90625
2.140625
2.40625
2.703125
3.03125
3.390625
3.78125
4.203125
1.90625
2.181060778558495
2.434730830397011
2.714165935871992
3.025623450777216
3.369225717665639
3.74334201861931
4.154945505531476
4.53125
2.140625
2.434730830397011
2.717963512391079
3.014915420899035
3.340170282210831
3.698337709743745
4.087004609804531
4.518622400602529
4.890625
2.40625
2.714165935871993
3.014915420899035
3.333338120907102
3.676006331664354
4.0489137784209
4.452039721794699
4.900471938320871
5.28125
2.703125
3.025623450777216
3.34017028221083
3.676006331664354
4.038381073717707
4.428654317540739
4.847046409569666
5.31113380379688
5.703125
3.03125
3.369225717665638
3.698337709743745
4.0489137784209
4.428654317540739
4.836847117774098
5.271449209025667
5.750967112831561
6.15625
3.390625
3.74334201861931
4.087004609804531
4.452039721794699
4.847046409569667
5.271449209025667
5.722323167675412
6.21796940408217
6.640625
3.78125
4.154945505531476
4.518622400602529
4.90047193832087
5.31113380379688
5.750967112831563
6.21796940408217
6.723264134955607
7.15625
4.203125
4.53125
4.890625
5.28125
5.703125
6.15625
6.640625
7.15625
7.703125
1.984375
2.203125
2.453125
2.734375
3.046875
3.390625
3.765625
4.171875
4.609375
2.203125
2.49311834541614
2.762117761611177
3.057081165554289
3.384151806496198
3.743342018619311
4.133313643117763
4.560833456553526
4.953125
2.453125
2.762117761611177
3.060351002974905
3.372651440594347
3.713398945848484
4.087004609804533
4.491540632252967
4.939250534715217
5.328125
2.734375
3.057081165554289
3.372651440594347
3.706185755528978
4.064081494657938
4.452039721794698
4.870698978446856
5.335059733598848
5.734375
3.046875
3.384151806496198
3.713398945848485
4.064081494657938
4.441646917523577
4.847046409569667
5.280745249420382
5.760524710938315
6.171875
3.390625
3.743342018619311
4.087004609804532
4.452039721794699
4.847046409569666
5.271449209025667
5.722323167675412
6.21796940408217
6.640625
3.765625
4.133313643117763
4.491540632252967
4.870698978446855
5.280745249420382
5.722323167675412
6.190987215589742
6.703728952722462
7.140625
4.171875
4.560833456553526
4.939250534715218
5.335059733598847
5.760524710938315
6.21796940408217
6.703728952722462
7.226606711590659
7.671875
4.609375
4.953125
5.328125
5.734375
6.171875
6.640625
7.140625
7.671875
8.234375
2.296875
2.53125
2.796875
3.09375
3.421875
3.78125
4.171875
4.59375
5.046875
2.53125
2.84007846891906
3.12667130580856
3.437634883471196
3.780270174886949
4.154945505531476
4.560833456553527
5.000467821008567
5.40625
2.796875
3.12667130580856
3.444597505713419
3.773456573530365
4.129738079163887
4.518622400602529
4.939250534715217
5.39776156175989
5.796875
3.09375
3.437634883471196
3.773456573530365
4.123941842274765
4.497431661272283
4.90047193832087
5.335059733598846
5.809726952059579
6.21875
3.421875
3.780270174886949
4.129738079163886
4.497431661272283
4.890679148492702
5.31113380379688
5.760524710938314
6.250058507864947
6.671875
3.78125
4.154945505531476
4.51862240060253
4.90047193832087
5.31113380379688
5.750967112831562
6.21796940408217
6.723264134955609
7.15625
4.171875
4.560833456553527
4.939250534715217
5.335059733598847
5.760524710938315
6.217969404082171
6.703728952722463
7.22660671159066
7.671875
4.59375
5.000467821008567
5.39776156175989
5.80972695205958
6.250058507864948
6.723264134955611
7.22660671159066
7.763479062279676
8.21875
5.046875
5.40625
5.796875
6.21875
6.671875
7.15625
7.671875
8.21875
8.796875
2.640625
2.890625
3.171875
3.484375
3.828125
4.203125
4.609375
5.046875
5.515625
2.890625
3.15625
3.453125
3.78125
4.140625
4.53125
4.953125
5.40625
5.890625
3.171875
3.453125
3.765625
4.109375
4.484375
4.890625
5.328125
5.796875
6.296875
3.484375
3.78125
4.109375
4.46875
4.859375
5.28125
5.734375
6.21875
6.734375
3.828125
4.140625
4.484375
4.859375
5.265625
5.703125
6.171875
6.671875
7.203125
4.203125
4.53125
4.890625
5.28125
5.703125
6.15625
6.640625
7.15625
7.703125
4.609375
4.953125
5.328125
5.734375
6.171875
6.640625
7.140625
7.671875
8.234375
5.046875
5.40625
5.796875
6.21875
6.671875
7.15625
7.671875
8.21875
8.796875
5.515625
5.890625
6.296875
6.734375
7.203125
7.703125
8.234375
8.796875
9.390625
1
1.140625
1.3125
1.515625
1.75
2.015625
2.3125
2.640625
3
1.140625
1.296875
1.484375
1.703125
1.953125
2.234375
2.546875
2.890625
3.265625
1.3125
1.484375
1.6875
1.921875
2.1875
2.484375
2.8125
3.171875
3.5625
1.515625
1.703125
1.921875
2.171875
2.453125
2.765625
3.109375
3.484375
3.890625
1.75
1.953125
2.1875
2.453125
2.75
3.078125
3.4375
3.828125
4.25
2.015625
2.234375
2.484375
2.765625
3.078125
3.421875
3.796875
4.203125
4.640625
2.3125
2.546875
2.8125
3.109375
3.4375
3.796875
4.1875
4.609375
5.0625
2.640625
2.890625
3.171875
3.484375
3.828125
4.203125
4.609375
5.046875
5.515625
3
3.265625
3.5625
3.890625
4.25
4.640625
5.0625
5.515625
6
1.140625
1.296875
1.484375
1.703125
1.953125
2.234375
2.546875
2.890625
3.265625
1.296875
1.46875
1.671875
1.90625
2.171875
2.46875
2.796875
3.15625
3.546875
1.484375
1.671875
1.890625
2.140625
2.421875
2.734375
3.078125
3.453125
3.859375
1.703125
1.90625
2.140625
2.40625
2.703125
3.03125
3.390625
3.78125
4.203125
1.953125
2.171875
2.421875
2.703125
3.015625
3.359375
3.734375
4.140625
4.578125
2.234375
2.46875
2.734375
3.03125
3.359375
3.71875
4.109375
4.53125
4.984375
2.546875
2.796875
3.078125
3.390625
3.734375
4.109375
4.515625
4.953125
5.421875
2.890625
3.15625
3.453125
3.78125
4.140625
4.53125
4.953125
5.40625
5.890625
3.265625
3.546875
3.859375
4.203125
4.578125
4.984375
5.421875
5.890625
6.390625
1.3125
1.484375
1.6875
1.921875
2.1875
2.484375
2.8125
3.171875
3.5625
1.484375
1.671875
1.890625
2.140625
2.421875
2.734375
3.078125
3.453125
3.859375
1.6875
1.890625
2.125
2.390625
2.6875
3.015625
3.375
3.765625
4.1875
1.921875
2.140625
2.390625
2.671875
2.984375
3.328125
3.703125
4.109375
4.546875
2.1875
2.421875
2.6875
2.984375
3.3125
3.671875
4.0625
4.484375
4.9375
2.484375
2.734375
3.015625
3.328125
3.671875
4.046875
4.453125
4.890625
5.359375
2.8125
3.078125
3.375
3.703125
4.0625
4.453125
4.875
5.328125
5.8125
3.171875
3.453125
3.765625
4.109375
4.484375
4.890625
5.328125
5.796875
6.296875
3.5625
3.859375
4.1875
4.546875
4.9375
5.359375
5.8125
6.296875
6.8125
1.515625
1.703125
1.921875
2.171875
2.453125
2.765625
3.109375
3.484375
3.890625
1.703125
1.90625
2.140625
2.40625
2.703125
3.03125
3.390625
3.78125
4.203125
1.921875
2.140625
2.390625
2.671875
2.984375
3.328125
3.703125
4.109375
4.546875
2.171875
2.40625
2.671875
2.96875
3.296875
3.65625
4.046875
4.46875
4.921875
2.453125
2.703125
2.984375
3.296875
3.640625
4.015625
4.421875
4.859375
5.328125
2.765625
3.03125
3.328125
3.65625
4.015625
4.40625
4.828125
5.28125
5.765625
3.109375
3.390625
3.703125
4.046875
4.421875
4.828125
5.265625
5.734375
6.234375
3.484375
3.78125
4.109375
4.46875
4.859375
5.28125
5.734375
6.21875
6.734375
3.890625
4.203125
4.546875
4.921875
5.328125
5.765625
6.234375
6.734375
7.265625
1.75
1.953125
2.1875
2.453125
2.75
3.078125
3.4375
3.828125
4.25
1.953125
2.171875
2.421875
2.703125
3.015625
3.359375
3.734375
4.140625
4.578125
2.1875
2.421875
2.6875
2.984375
3.3125
3.671875
4.0625
4.484375
4.9375
2.453125
2.703125
2.984375
3.296875
3.640625
4.015625
4.421875
4.859375
5.328125
2.75
3.015625
3.3125
3.640625
4
4.390625
4.8125
5.265625
5.75
3.078125
3.359375
3.671875
4.015625
4.390625
4.796875
5.234375
5.703125
6.203125
3.4375
3.734375
4.0625
4.421875
4.8125
5.234375
5.6875
6.171875
6.6875
3.828125
4.140625
4.484375
4.859375
5.265625
5.703125
6.171875
6.671875
7.203125
4.25
4.578125
4.9375
5.328125
5.75
6.203125
6.6875
7.203125
7.75
2.015625
2.234375
2.484375
2.765625
3.078125
3.421875
3.796875
4.203125
4.640625
2.234375
2.46875
2.734375
3.03125
3.359375
3.71875
4.109375
4.53125
4.984375
2.484375
2.734375
3.015625
3.328125
3.671875
4.046875
4.453125
4.890625
5.359375
2.765625
3.03125
3.328125
3.65625
4.015625
4.40625
4.828125
5.28125
5.765625
3.078125
3.359375
3.671875
4.015625
4.390625
4.796875
5.234375
5.703125
6.203125
3.421875
3.71875
4.046875
4.40625
4.796875
5.21875
5.671875
6.15625
6.671875
3.796875
4.109375
4.453125
4.828125
5.234375
5.671875
6.140625
6.640625
7.171875
4.203125
4.53125
4.890625
5.28125
5.703125
6.15625
6.640625
7.15625
7.703125
4.640625
4.984375
5.359375
5.765625
6.203125
6.671875
7.171875
7.703125
8.265625
2.3125
2.546875
2.8125
3.109375
3.4375
3.796875
4.1875
4.609375
5.0625
2.546875
2.796875
3.078125
3.390625
3.734375
4.109375
4.515625
4.953125
5.421875
2.8125
3.078125
3.375
3.703125
4.0625
4.453125
4.875
5.328125
5.8125
3.109375
3.390625
3.703125
4.046875
4.421875
4.828125
5.265625
5.734375
6.234375
3.4375
3.734375
4.0625
4.421875
4.8125
5.234375
5.6875
6.171875
6.6875
3.796875
4.109375
4.453125
4.828125
5.234375
5.671875
6.140625
6.640625
7.171875
4.1875
4.515625
4.875
5.265625
5.6875
6.140625
6.625
7.140625
7.6875
4.609375
4.953125
5.328125
5.734375
6.171875
6.640625
7.140625
7.671875
8.234375
5.0625
5.421875
5.8125
6.234375
6.6875
7.171875
7.6875
8.234375
8.8125
2.640625
2.890625
3.171875
3.484375
3.828125
4.203125
4.609375
5.046875
5.515625
2.890625
3.15625
3.453125
3.78125
4.140625
4.53125
4.953125
5.40625
5.890625
3.171875
3.453125
3.765625
4.109375
4.484375
4.890625
5.328125
5.796875
6.296875
3.484375
3.78125
4.109375
4.46875
4.859375
5.28125
5.734375
6.21875
6.734375
3.828125
4.140625
4.484375
4.859375
5.265625
5.703125
6.171875
6.671875
7.203125
4.203125
4.53125
4.890625
5.28125
5.703125
6.15625
6.640625
7.15625
7.703125
4.609375
4.953125
5.328125
5.734375
6.171875
6.640625
7.140625
7.671875
8.234375
5.046875
5.40625
5.796875
6.21875
6.671875
7.15625
7.671875
8.21875
8.796875
5.515625
5.890625
6.296875
6.734375
7.203125
7.703125
8.234375
8.796875
9.390625
3
3.265625
3.5625
3.890625
4.25
4.640625
5.0625
5.515625
6
3.265625
3.546875
3.859375
4.203125
4.578125
4.984375
5.421875
5.890625
6.390625
3.5625
3.859375
4.1875
4.546875
4.9375
5.359375
5.8125
6.296875
6.8125
3.890625
4.203125
4.546875
4.921875
5.328125
5.765625
6.234375
6.734375
7.265625
4.25
4.578125
4.9375
5.328125
5.75
6.203125
6.6875
7.203125
7.75
4.640625
4.984375
5.359375
5.765625
6.203125
6.671875
7.171875
7.703125
8.265625
5.0625
5.421875
5.8125
6.234375
6.6875
7.171875
7.6875
8.234375
8.8125
5.515625
5.890625
6.296875
6.734375
7.203125
7.703125
8.234375
8.796875
9.390625
6
6.390625
6.8125
7.265625
7.75
8.265625
8.8125
9.390625
10
