0
0.0625
0.25
0.5625
1
1.5625
2.25
3.0625
4
0.046875
0.109375
0.296875
0.609375
1.046875
1.609375
2.296875
3.109375
4.046875
0.1875
0.25
0.4375
0.75
1.1875
1.75
2.4375
3.25
4.1875
0.421875
0.484375
0.671875
0.984375
1.421875
1.984375
2.671875
3.484375
4.421875
0.75
0.8125
1
1.3125
1.75
2.3125
3
3.8125
4.75
1.171875
1.234375
1.421875
1.734375
2.171875
2.734375
3.421875
4.234375
5.171875
1.6875
1.75
1.9375
2.25
2.6875
3.25
3.9375
4.75
5.6875
2.296875
2.359375
2.546875
2.859375
3.296875
3.859375
4.546875
5.359375
6.296875
3
3.0625
3.25
3.5625
4
4.5625
5.25
6.0625
7
0.03125
0.09375
0.28125
0.59375
1.03125
1.59375
2.28125
3.09375
4.03125
0.078125
0.140625
0.328125
0.640625
1.078125
1.640625
2.328125
3.140625
4.078125
0.21875
0.28125
0.46875
0.78125
1.21875
1.78125
2.46875
3.28125
4.21875
0.453125
0.515625
0.703125
1.015625
1.453125
2.015625
2.703125
3.515625
4.453125
0.78125
0.84375
1.03125
1.34375
1.78125
2.34375
3.03125
3.84375
4.78125
1.203125
1.265625
1.453125
1.765625
2.203125
2.765625
3.453125
4.265625
5.203125
1.71875
1.78125
1.96875
2.28125
2.71875
3.28125
3.96875
4.78125
5.71875
2.328125
2.390625
2.578125
2.890625
3.328125
3.890625
4.578125
5.390625
6.328125
3.03125
3.09375
3.28125
3.59375
4.03125
4.59375
5.28125
6.09375
7.03125
0.125
0.1875
0.375
0.6875
1.125
1.6875
2.375
3.1875
4.125
0.171875
0.234375
0.421875
0.734375
1.171875
1.734375
2.421875
3.234375
4.171875
0.3125
0.375
0.5625
0.875
1.3125
1.875
2.5625
3.375
4.3125
0.546875
0.609375
0.796875
1.109375
1.546875
2.109375
2.796875
3.609375
4.546875
0.875
0.9375
1.125
1.4375
1.875
2.4375
3.125
3.9375
4.875
1.296875
1.359375
1.546875
1.859375
2.296875
2.859375
3.546875
4.359375
5.296875
1.8125
1.875
2.0625
2.375
2.8125
3.375
4.0625
4.875
5.8125
2.421875
2.484375
2.671875
2.984375
3.421875
3.984375
4.671875
5.484375
6.421875
3.125
3.1875
3.375
3.6875
4.125
4.6875
5.375
6.1875
7.125
0.28125
0.34375
0.53125
0.84375
1.28125
1.84375
2.53125
3.34375
4.28125
0.328125
0.390625
0.578125
0.890625
1.328125
1.890625
2.578125
3.390625
4.328125
0.46875
0.53125
0.71875
1.03125
1.46875
2.03125
2.71875
3.53125
4.46875
0.703125
0.765625
0.953125
1.265625
1.703125
2.265625
2.953125
3.765625
4.703125
1.03125
1.09375
1.28125
1.59375
2.03125
2.59375
3.28125
4.09375
5.03125
1.453125
1.515625
1.703125
2.015625
2.453125
3.015625
3.703125
4.515625
5.453125
1.96875
2.03125
2.21875
2.53125
2.96875
3.53125
4.21875
5.03125
5.96875
2.578125
2.640625
2.828125
3.140625
3.578125
4.140625
4.828125
5.640625
6.578125
3.28125
3.34375
3.53125
3.84375
4.28125
4.84375
5.53125
6.34375
7.28125
0.5
0.5625
0.75
1.0625
1.5
2.0625
2.75
3.5625
4.5
0.546875
0.609375
0.796875
1.109375
1.546875
2.109375
2.796875
3.609375
4.546875
0.6875
0.75
0.9375
1.25
1.6875
2.25
2.9375
3.75
4.6875
0.921875
0.984375
1.171875
1.484375
1.921875
2.484375
3.171875
3.984375
4.921875
1.25
1.3125
1.5
1.8125
2.25
2.8125
3.5
4.3125
5.25
1.671875
1.734375
1.921875
2.234375
2.671875
3.234375
3.921875
4.734375
5.671875
2.1875
2.25
2.4375
2.75
3.1875
3.75
4.4375
5.25
6.1875
2.796875
2.859375
3.046875
3.359375
3.796875
4.359375
5.046875
5.859375
6.796875
3.5
3.5625
3.75
4.0625
4.5
5.0625
5.75
6.5625
7.5
0.78125
0.84375
1.03125
1.34375
1.78125
2.34375
3.03125
3.84375
4.78125
0.828125
0.890625
1.078125
1.390625
1.828125
2.390625
3.078125
3.890625
4.828125
0.96875
1.03125
1.21875
1.53125
1.96875
2.53125
3.21875
4.03125
4.96875
1.203125
1.265625
1.453125
1.765625
2.203125
2.765625
3.453125
4.265625
5.203125
1.53125
1.59375
1.78125
2.09375
2.53125
3.09375
3.78125
4.59375
5.53125
1.953125
2.015625
2.203125
2.515625
2.953125
3.515625
4.203125
5.015625
5.953125
2.46875
2.53125
2.71875
3.03125
3.46875
4.03125
4.71875
5.53125
6.46875
3.078125
3.140625
3.328125
3.640625
4.078125
4.640625
5.328125
6.140625
7.078125
3.78125
3.84375
4.03125
4.34375
4.78125
5.34375
6.03125
6.84375
7.78125
1.125
1.1875
1.375
1.6875
2.125
2.6875
3.375
4.1875
5.125
1.171875
1.234375
1.421875
1.734375
2.171875
2.734375
3.421875
4.234375
5.171875
1.3125
1.375
1.5625
1.875
2.3125
2.875
3.5625
4.375
5.3125
1.546875
1.609375
1.796875
2.109375
2.546875
3.109375
3.796875
4.609375
5.546875
1.875
1.9375
2.125
2.4375
2.875
3.4375
4.125
4.9375
5.875
2.296875
2.359375
2.546875
2.859375
3.296875
3.859375
4.546875
5.359375
6.296875
2.8125
2.875
3.0625
3.375
3.8125
4.375
5.0625
5.875
6.8125
3.421875
3.484375
3.671875
3.984375
4.421875
4.984375
5.671875
6.484375
7.421875
4.125
4.1875
4.375
4.6875
5.125
5.6875
6.375
7.1875
8.125
1.53125
1.59375
1.78125
2.09375
2.53125
3.09375
3.78125
4.59375
5.53125
1.578125
1.640625
1.828125
2.140625
2.578125
3.140625
3.828125
4.640625
5.578125
1.71875
1.78125
1.96875
2.28125
2.71875
3.28125
3.96875
4.78125
5.71875
1.953125
2.015625
2.203125
2.515625
2.953125
3.515625
4.203125
5.015625
5.953125
2.28125
2.34375
2.53125
2.84375
3.28125
3.84375
4.53125
5.34375
6.28125
2.703125
2.765625
2.953125
3.265625
3.703125
4.265625
4.953125
5.765625
6.703125
3.21875
3.28125
3.46875
3.78125
4.21875
4.78125
5.46875
6.28125
7.21875
3.828125
3.890625
4.078125
4.390625
4.828125
5.390625
6.078125
6.890625
7.828125
4.53125
4.59375
4.78125
5.09375
5.53125
6.09375
6.78125
7.59375
8.53125
2
2.0625
2.25
2.5625
3
3.5625
4.25
5.0625
6
2.046875
2.109375
2.296875
2.609375
3.046875
3.609375
4.296875
5.109375
6.046875
2.1875
2.25
2.4375
2.75
3.1875
3.75
4.4375
5.25
6.1875
2.421875
2.484375
2.671875
2.984375
3.421875
3.984375
4.671875
5.484375
6.421875
2.75
2.8125
3
3.3125
3.75
4.3125
5
5.8125
6.75
3.171875
3.234375
3.421875
3.734375
4.171875
4.734375
5.421875
6.234375
7.171875
3.6875
3.75
3.9375
4.25
4.6875
5.25
5.9375
6.75
7.6875
4.296875
4.359375
4.546875
4.859375
5.296875
5.859375
6.546875
7.359375
8.296875
5
5.0625
5.25
5.5625
6
6.5625
7.25
8.0625
9
0.015625
0.078125
0.265625
0.578125
1.015625
1.578125
2.265625
3.078125
4.015625
0.0625
0.125
0.3125
0.625
1.0625
1.625
2.3125
3.125
4.0625
0.203125
0.265625
0.453125
0.765625
1.203125
1.765625
2.453125
3.265625
4.203125
0.4375
0.5
0.6875
1
1.4375
2
2.6875
3.5
4.4375
0.765625
0.828125
1.015625
1.328125
1.765625
2.328125
3.015625
3.828125
4.765625
1.1875
1.25
1.4375
1.75
2.1875
2.75
3.4375
4.25
5.1875
1.703125
1.765625
1.953125
2.265625
2.703125
3.265625
3.953125
4.765625
5.703125
2.3125
2.375
2.5625
2.875
3.3125
3.875
4.5625
5.375
6.3125
3.015625
3.078125
3.265625
3.578125
4.015625
4.578125
5.265625
6.078125
7.015625
0.046875
0.109375
0.296875
0.609375
1.046875
1.609375
2.296875
3.109375
4.046875
0.09375
0.2188397972904524
0.4069773063335519
0.7193735288765312
1.156794505769442
1.719628733014776
2.405541722649717
3.226268493208223
4.09375
0.234375
0.3609727866540774
0.5471407605253262
0.8591109444283704
1.296477263164152
1.859420366299993
2.544874994819086
3.367420031358022
4.234375
0.46875
0.5953180440683564
0.78112101042546
1.092613219849051
1.529904507373886
2.092860965296946
2.778250108967712
3.60085057000916
4.46875
0.796875
0.9233612830883324
1.109113679347371
1.420531682242804
1.85779725814643
2.42077414102071
3.106212696556523
3.928763454527432
4.796875
1.21875
1.345577245855733
1.531436517554551
1.842864162872982
2.280147469305288
2.843065860426004
3.528352498469602
4.350706934697962
5.21875
1.734375
1.859580874228174
2.044990958145555
2.356368206489126
2.793708395578736
3.356477175957847
4.04243348482809
4.865793875670167
5.734375
2.34375
2.477360160176114
2.664506760084307
2.975868674004357
3.41313711804326
3.975706466248516
4.662668868784304
5.479076346871227
6.34375
3.046875
3.109375
3.296875
3.609375
4.046875
4.609375
5.296875
6.109375
7.046875
0.140625
0.203125
0.390625
0.703125
1.140625
1.703125
2.390625
3.203125
4.140625
0.1875
0.3149682669746029
0.5018664911029779
0.813911095225799
1.251278507763908
1.814226957747167
2.499650500938781
3.322386082343265
4.1875
0.328125
0.4565922216806299
0.6422191195316048
0.9534363904002714
1.390659950886655
1.953787080943124
2.638458307202779
3.464420147829637
4.328125
0.5625
0.6907213120203168
0.8757257398486926
1.185795085078495
1.622778448063778
2.185924344607789
2.870473511021415
3.69657723956205
4.5625
0.890625
1.018716168546882
1.203601787272184
1.513441185089816
1.950285246265969
2.513441768774775
3.198068679882211
4.024025752874437
4.890625
1.3125
1.4410497004489
1.626111635789064
1.935963977102379
2.372813097331505
2.935893544865014
3.620332163700942
4.445964439192642
5.3125
1.828125
1.954541970384945
2.138859914277232
2.448615427350548
2.885557233083311
3.448454918074466
4.133693619639137
4.960704298907615
5.828125
2.4375
2.574438862054794
2.761893739188947
3.071658207797387
3.508399429394072
4.070961968743324
4.757578958192307
5.576323908241446
6.4375
3.140625
3.203125
3.390625
3.703125
4.140625
4.703125
5.390625
6.203125
7.140625
0.296875
0.359375
0.546875
0.859375
1.296875
1.859375
2.546875
3.359375
4.296875
0.34375
0.471262559260182
0.6579312272199781
0.9695666648089563
1.406864344876341
1.969831536719227
2.655161562311019
3.478078356048806
4.34375
0.484375
0.6127313780174064
0.7980150892971137
1.108261477058861
1.545270063769056
2.108425214029939
2.792932609030709
3.619237028023962
4.484375
0.71875
0.8465201097688615
1.030727869039227
1.33935262092688
1.775940974933836
2.339099271245312
3.023474124200846
3.849891684011834
4.71875
1.046875
1.174451357247714
1.358424416500371
1.666657397043366
2.102965365764324
2.666103294963099
3.350579637025126
4.176722970750102
5.046875
1.46875
1.596805305717544
1.78096571594668
2.089198020863326
2.52547882274999
3.088522805112349
3.772823460317385
4.598554263097312
5.46875
1.984375
2.110191113175741
2.293533623369133
2.601663356423858
3.038066191493028
3.600943398454038
4.286051280693826
5.113194353142439
5.984375
2.59375
2.730324246083652
2.916977784721211
3.225058102286391
3.661105108314611
4.223549429940874
4.910068098735205
5.729145657456981
6.59375
3.296875
3.359375
3.546875
3.859375
4.296875
4.859375
5.546875
6.359375
7.296875
0.515625
0.578125
0.765625
1.078125
1.515625
2.078125
2.765625
3.578125
4.515625
0.5625
0.6899280604072231
0.8765513401303456
1.188118694614178
1.625390223318455
2.188381384725567
2.873748851366902
3.696657111691179
4.5625
0.703125
0.8313525847301007
1.016543623657713
1.326595537821131
1.763476103955504
2.326649008491262
3.011211396122658
3.837453164547269
4.703125
0.9375
1.065078532116633
1.249087153526409
1.557373819152896
1.993705269776825
2.55685418924745
3.241302836225008
4.067551088354901
4.9375
1.265625
1.39298318849048
1.576666961645039
1.884445173789327
2.320395082589014
2.883488206189934
3.568056991923457
4.39391209335936
5.265625
1.6875
1.815361956715002
1.999227576764479
2.306980611318693
2.742868048596608
3.305838383444966
3.990239540744063
4.815604660302853
5.6875
2.203125
2.328780705199494
2.511842665564204
2.819512589892791
3.255543211021806
3.818357050474828
4.503539773157497
5.330245872884154
6.203125
2.8125
2.948924432370755
3.135254252739736
3.442761343524207
3.878302867967444
4.440598269321071
5.127118488803779
5.946022377596583
6.8125
3.515625
3.578125
3.765625
4.078125
4.515625
5.078125
5.765625
6.578125
7.515625
0.796875
0.859375
1.046875
1.359375
1.796875
2.359375
3.046875
3.859375
4.796875
0.84375
0.9715257586966913
1.158259260256284
1.4698379318713
1.907128041294723
2.470060031484804
3.155265867486296
3.977977785283241
4.84375
0.984375
1.113065851703459
1.298436190635005
1.608504479019119
2.045391665604722
2.608489402792847
3.292849563085607
4.118776832023388
4.984375
1.21875
1.34680850329358
1.531005348441269
1.839296770481341
2.275605244821233
2.838663909417196
3.522921980779973
4.348780686045853
5.21875
1.546875
1.67473528499958
1.858598905321209
2.166356139105584
2.602247891003282
3.16522347260161
3.849610809537786
4.675005985488979
5.546875
1.96875
2.097054202543603
2.281085260720681
2.588805013722042
3.024608561758253
3.587443024254823
4.271699759300494
5.096598189276856
5.96875
2.484375
2.610303913991233
2.793489716843797
3.101140439379212
3.537099588062275
4.099816936477859
4.784931349762223
5.61120642754871
6.484375
3.09375
3.230248167419073
3.41658675440482
3.724002275837957
4.159400919693325
4.721591310635397
5.408078283241202
6.226769818747462
7.09375
3.796875
3.859375
4.046875
4.359375
4.796875
5.359375
6.046875
6.859375
7.796875
1.140625
1.203125
1.390625
1.703125
2.140625
2.703125
3.390625
4.203125
5.140625
1.1875
1.313620025806632
1.499882427591718
1.811397757353848
2.248740249411327
2.811515222462785
3.497414000752025
4.321168922299488
5.1875
1.328125
1.454657933711413
1.639261521351685
1.949216441688972
2.386188502524857
2.949095071832657
3.63427068215425
4.461612891074282
5.328125
1.5625
1.688309210697155
1.871675539698265
2.179852588646872
2.616275945160811
3.179161857053277
3.864230802724806
4.69152385483866
5.5625
1.890625
2.016276404221706
2.199331218765304
2.506999144360692
2.943029430120153
3.505845828999318
4.191012130330961
5.017759186721233
5.890625
2.3125
2.438428591479477
2.621612471217322
2.929260377515864
3.365217097793041
3.927934113655226
4.613043906695465
5.439323878857167
6.3125
2.828125
2.952394516675962
3.134847744669364
3.442410324755788
3.878484487504424
4.441156463628707
5.126972014132343
5.954210827631086
6.828125
3.4375
3.573418962042948
3.759396142525643
4.066727102127651
4.502145116477934
5.064313185858116
5.751081472339085
6.570097885767915
7.4375
4.140625
4.203125
4.390625
4.703125
5.140625
5.703125
6.390625
7.203125
8.140625
1.546875
1.609375
1.796875
2.109375
2.546875
3.109375
3.796875
4.609375
5.546875
1.59375
1.728451827144005
1.916559539795835
2.228114564039202
2.665404438722835
3.227976848384347
3.914918908527762
4.731472145026604
5.59375
1.734375
1.871525590781078
2.059367330548256
2.369398964494635
2.80620051758654
3.368771891124755
4.055362209643666
4.874269602383354
5.734375
1.96875
2.10534235007885
2.292058752956547
2.600224520560948
3.036315363483916
3.598771019732978
4.285271346024193
5.104435176105916
5.96875
2.296875
2.433298095886582
2.619627929259372
2.927143481088715
3.362693642575528
3.924993203525416
4.611504418560481
5.430435668306148
6.296875
2.71875
2.855247698969626
3.041584283955503
3.348997442681519
3.784394528711542
4.346584431993938
5.033067590242151
5.851763083479858
6.71875
3.234375
3.370293955157084
3.556270801810334
3.863600847720416
4.299017732397559
4.861185041550608
5.547952117047084
6.366968147005335
7.234375
3.84375
3.983867943181983
4.172215296525262
4.47972469475485
4.914848959015712
5.476756348212255
6.163838408242755
6.978810634174695
7.84375
4.546875
4.609375
4.796875
5.109375
5.546875
6.109375
6.796875
7.609375
8.546875
2.015625
2.078125
2.265625
2.578125
3.015625
3.578125
4.265625
5.078125
6.015625
2.0625
2.125
2.3125
2.625
3.0625
3.625
4.3125
5.125
6.0625
2.203125
2.265625
2.453125
2.765625
3.203125
3.765625
4.453125
5.265625
6.203125
2.4375
2.5
2.6875
3
3.4375
4
4.6875
5.5
6.4375
2.765625
2.828125
3.015625
3.328125
3.765625
4.328125
5.015625
5.828125
6.765625
3.1875
3.25
3.4375
3.75
4.1875
4.75
5.4375
6.25
7.1875
3.703125
3.765625
3.953125
4.265625
4.703125
5.265625
5.953125
6.765625
7.703125
4.3125
4.375
4.5625
4.875
5.3125
5.875
6.5625
7.375
8.3125
5.015625
5.078125
5.265625
5.578125
6.015625
6.578125
7.265625
8.078125
9.015625
0.0625
0.125
0.3125
0.625
1.0625
1.625
2.3125
3.125
4.0625
0.109375
0.171875
0.359375
0.671875
1.109375
1.671875
2.359375
3.171875
4.109375
0.25
0.3125
0.5
0.8125
1.25
1.8125
2.5
3.3125
4.25
0.484375
0.546875
0.734375
1.046875
1.484375
2.046875
2.734375
3.546875
4.484375
0.8125
0.875
1.0625
1.375
1.8125
2.375
3.0625
3.875
4.8125
1.234375
1.296875
1.484375
1.796875
2.234375
2.796875
3.484375
4.296875
5.234375
1.75
1.8125
2
2.3125
2.75
3.3125
4
4.8125
5.75
2.359375
2.421875
2.609375
2.921875
3.359375
3.921875
4.609375
5.421875
6.359375
3.0625
3.125
3.3125
3.625
4.0625
4.625
5.3125
6.125
7.0625
0.09375
0.15625
0.34375
0.65625
1.09375
1.65625
2.34375
3.15625
4.09375
0.140625
0.2689637472951284
0.4565922216806299
0.7687112460232272
1.206079752363663
1.769033549194341
2.454426007058477
3.277352133328508
4.140625
0.28125
0.4113179522582817
0.5981537907725333
0.9095405868765796
1.346770614684375
1.909905861430859
2.59452648022836
3.420798469280915
4.28125
0.515625
0.645521462817745
0.8318299363250007
1.142109419403244
1.579102084639601
2.142257197822568
2.826744449975958
3.653218184964574
4.515625
0.84375
0.9735174131466371
1.159712451069903
1.469764821665639
1.906617260635539
2.469783667743501
3.154344499006593
3.980692065572531
4.84375
1.265625
1.395856291896074
1.582230416276799
1.892296830317158
2.329154996300231
2.89224389457058
3.576610166707773
4.40263176455614
5.265625
1.78125
1.909317476504639
2.094928087302813
2.40488636630509
2.841833052207693
3.404732921081298
4.089922047993521
4.917354802706867
5.78125
2.390625
2.529404913040036
2.718272060640225
3.028299153199911
3.465065742092166
4.027629294106823
4.714229461991557
5.533114664647561
6.390625
3.09375
3.15625
3.34375
3.65625
4.09375
4.65625
5.34375
6.15625
7.09375
0.1875
0.25
0.4375
0.75
1.1875
1.75
2.4375
3.25
4.1875
0.234375
0.3660436828359335
0.5540884620134618
0.8656447833528876
1.302881278482094
1.866024641918594
2.550594653253941
3.377176790732193
4.234375
0.375
0.5100231332543904
0.7093044983667111
1.020739585222347
1.457625653714355
2.021067362908092
2.704296631546795
3.537040572742553
4.375
0.609375
0.7440383292776167
0.9439694304760776
1.253352167808448
1.689479984691864
2.252906641780368
2.93586366393273
3.769181023228844
4.609375
0.9375
1.071933778665342
1.271654595910281
1.580362088399654
2.015803863008157
2.579129673249326
3.262197799069542
4.095219558551576
4.9375
1.359375
1.494467977252269
1.694488382292412
2.003179604178478
2.438510755243851
3.001682876981163
3.684501922547406
4.51692796092876
5.359375
1.875
2.007064433353975
2.205744408614572
2.514206266039948
2.949679210665055
3.512615573864439
4.196439771841268
5.03090582560351
5.875
2.484375
2.631028703542781
2.835798862942537
3.14457198585865
3.579610886513764
4.141916285812759
4.827778013627396
5.651568304874073
6.484375
3.1875
3.25
3.4375
3.75
4.1875
4.75
5.4375
6.25
7.1875
0.34375
0.40625
0.59375
0.90625
1.34375
1.90625
2.59375
3.40625
4.34375
0.390625
0.522331679612263
0.7102234822497299
1.020890145708361
1.457917336920702
2.021090920459498
2.705474486939793
3.532518918829009
4.390625
0.53125
0.666327678726038
0.8671992757298082
1.177272012647898
1.613528470836989
2.176978819110873
2.859852023083233
3.693612600584181
4.53125
0.765625
0.8996708720134768
1.101191857487347
1.409397686226633
1.844463283708186
2.407781731685664
3.090322900389265
3.924848747186138
4.765625
1.09375
1.22739532622784
1.428459060689904
1.735699984337225
2.16947345759551
2.732462812025059
3.415122919292982
4.249165507045526
5.09375
1.515625
1.649964275591018
1.851323958839488
2.158465762740184
2.591910318765718
3.154577928392217
3.836982637399009
4.670215384362207
5.515625
2.03125
2.162346440232759
2.362182984340954
2.669044235093682
3.102652415928459
3.665086977007844
4.348526041232433
5.183857756341192
6.03125
2.640625
2.786900620928782
2.993435140569324
3.300739941915599
3.733646467826769
4.295197343656926
4.980724015323533
5.80544437681899
6.640625
3.34375
3.40625
3.59375
3.90625
4.34375
4.90625
5.59375
6.40625
7.34375
0.5625
0.625
0.8125
1.125
1.5625
2.125
2.8125
3.625
4.5625
0.609375
0.7409550739296112
0.9287649512531515
1.239242810972777
1.676140132694644
2.239332806428713
2.923763034371423
3.750785789943456
4.609375
0.75
0.884875615050871
1.085683538106207
1.395292678252568
1.830960129149679
2.394336347799785
3.077267242342746
3.910962740096677
4.75
0.984375
1.118058063253878
1.319341164397693
1.626936684966263
2.060912782882014
2.623960107657468
3.306555842246233
4.140900903074835
4.984375
1.3125
1.445663004753749
1.646116395291201
1.95235210816852
2.384590222055391
2.947065497040635
3.629771563367854
4.463423210436217
5.3125
1.734375
1.868253273670655
2.068924104344768
2.374904910030537
2.806592540149266
3.368542804794387
4.050965972839587
4.883601031019642
5.734375
2.25
2.380670122937352
2.579818097211463
2.885518261834964
3.317372211623643
3.879070182449774
4.562489059139981
5.397061707782693
6.25
2.859375
3.005253190834019
3.211097249603964
3.517117259885385
3.948016196244633
4.508589910173957
5.193922009760592
6.018310974487279
6.859375
3.5625
3.625
3.8125
4.125
4.5625
5.125
5.8125
6.625
7.5625
0.84375
0.90625
1.09375
1.40625
1.84375
2.40625
3.09375
3.90625
4.84375
0.890625
1.022679034597807
1.210673751610474
1.521170185448678
1.958075463542173
2.52119010220398
3.205405569099268
4.032111482750386
4.890625
1.03125
1.16679253209821
1.367909401676731
1.677524743907094
2.113098511788834
2.676327142551891
3.358974845990524
4.192121284666844
5.03125
1.265625
1.400003908085608
1.601596921237598
1.909149793794704
2.342855121138788
2.905609379512928
3.587911236223677
4.421542073177891
5.265625
1.59375
1.727624602227385
1.928305186339293
2.234352416771197
2.666119583257897
3.228116618890756
3.910505522552659
4.743264797443629
5.59375
2.015625
2.15013630983738
2.350971408122619
2.65664083063364
3.087690432987124
3.649010265054036
4.331125577570406
5.162762865009353
6.015625
2.53125
2.66232372586429
2.861561420750674
3.16694417465718
3.598149281875919
4.159235398587346
4.842433236241087
5.67598481774758
6.53125
3.140625
3.286588730495315
3.492302933288929
3.797850721288293
4.227917443021934
4.78776213096461
5.472841982677801
6.296676327850944
7.140625
3.84375
3.90625
4.09375
4.40625
4.84375
5.40625
6.09375
6.90625
7.84375
1.1875
1.25
1.4375
1.75
2.1875
2.75
3.4375
4.25
5.1875
1.234375
1.364208945950803
1.551397867402847
1.861758319598056
2.298740140773623
2.861651077846319
3.546727538863018
4.374913898672787
5.234375
1.375
1.507466040428428
1.707192185682349
2.016537227297669
2.452230065533773
3.015202148624589
3.698881068562041
4.534149489377536
5.375
1.609375
1.740488356561891
1.940525586448173
2.247765569798101
2.68161483551719
3.244119915441348
3.927459492403563
4.76325531854822
5.609375
1.9375
2.068158676138452
2.267299508806977
2.573047758470441
3.004972859879431
3.566713941773033
4.250088751829568
5.084835888130313
5.9375
2.359375
2.490446480237815
2.689675072067706
2.995048514266016
3.426253491486106
3.987345219604286
4.670528251682175
5.504117414711715
6.359375
2.875
3.003533029732515
3.201322365282814
3.506392943574693
3.937688444519154
4.498623267123263
5.182718406987639
6.017641708452452
6.875
3.484375
3.629347653923399
3.834265341175452
4.139519139737591
4.56947037045583
5.129107176606075
5.814493974061447
6.63881831129918
7.484375
4.1875
4.25
4.4375
4.75
5.1875
5.75
6.4375
7.25
8.1875
1.59375
1.65625
1.84375
2.15625
2.59375
3.15625
3.84375
4.65625
5.59375
1.640625
1.781457692751564
1.972123973450812
2.282680855299683
2.719533142982728
3.282106541851752
3.968663217242169
4.787851115195584
5.640625
1.78125
1.92850229490209
2.134557153142521
2.444394525843794
2.879745396021053
3.442097934434843
4.127893865425309
4.952096456714441
5.78125
2.015625
2.161981589164118
2.36882610319913
2.676631136645062
3.10986282463732
3.671505991767328
4.356987836512904
5.181971766215501
6.015625
2.34375
2.489626867353653
2.695488577566153
3.001598220666629
3.432609182053049
3.993242555752263
4.678556492086111
5.503053437505866
6.34375
2.765625
2.911586260045998
3.117291258172928
3.422832680583012
3.852906322176251
4.412761396919866
5.097831744572161
5.921692333633748
6.765625
3.28125
3.42622231320809
3.631137529199338
3.936385398719933
4.36633067243373
4.925964341536297
5.611346239670445
6.43567215555522
7.28125
3.890625
4.042587565743606
4.252624608554809
4.558499155612013
4.987795900524453
5.546708339416551
6.232525999811259
7.051274044404349
7.890625
4.59375
4.65625
4.84375
5.15625
5.59375
6.15625
6.84375
7.65625
8.59375
2.0625
2.125
2.3125
2.625
3.0625
3.625
4.3125
5.125
6.0625
2.109375
2.171875
2.359375
2.671875
3.109375
3.671875
4.359375
5.171875
6.109375
2.25
2.3125
2.5
2.8125
3.25
3.8125
4.5
5.3125
6.25
2.484375
2.546875
2.734375
3.046875
3.484375
4.046875
4.734375
5.546875
6.484375
2.8125
2.875
3.0625
3.375
3.8125
4.375
5.0625
5.875
6.8125
3.234375
3.296875
3.484375
3.796875
4.234375
4.796875
5.484375
6.296875
7.234375
3.75
3.8125
4
4.3125
4.75
5.3125
6
6.8125
7.75
4.359375
4.421875
4.609375
4.921875
5.359375
5.921875
6.609375
7.421875
8.359375
5.0625
5.125
5.3125
5.625
6.0625
6.625
7.3125
8.125
9.0625
0.140625
0.203125
0.390625
0.703125
1.140625
1.703125
2.390625
3.203125
4.140625
0.1875
0.25
0.4375
0.75
1.1875
1.75
2.4375
3.25
4.1875
0.328125
0.390625
0.578125
0.890625
1.328125
1.890625
2.578125
3.390625
4.328125
0.5625
0.625
0.8125
1.125
1.5625
2.125
2.8125
3.625
4.5625
0.890625
0.953125
1.140625
1.453125
1.890625
2.453125
3.140625
3.953125
4.890625
1.3125
1.375
1.5625
1.875
2.3125
2.875
3.5625
4.375
5.3125
1.828125
1.890625
2.078125
2.390625
2.828125
3.390625
4.078125
4.890625
5.828125
2.4375
2.5
2.6875
3
3.4375
4
4.6875
5.5
6.4375
3.140625
3.203125
3.390625
3.703125
4.140625
4.703125
5.390625
6.203125
7.140625
0.171875
0.234375
0.421875
0.734375
1.171875
1.734375
2.421875
3.234375
4.171875
0.21875
0.3472070744520076
0.5347414440144959
0.8465201097688615
1.283824182378796
1.846802108141508
2.532073015654326
3.355306142088454
4.21875
0.359375
0.4895415948119242
0.676408635221843
0.9870422033639773
1.424085316050156
1.987258936666869
2.671662645994543
3.498537761888398
4.359375
0.59375
0.7234735547287668
0.909508595344344
1.218659145104426
1.655307679017954
2.218489682822928
2.902731417266882
3.72987046480883
4.59375
0.921875
1.051411194750169
1.237239668781472
1.546024101127483
1.98239835623919
2.545562833178655
3.229893093690979
4.056818803945347
4.921875
1.34375
1.473775877139825
1.659799438583609
1.968588432440942
2.404938360965546
2.968006653348114
3.652145654342263
4.478661149336959
5.34375
1.859375
1.987102566519048
2.172263660332967
2.480920649489895
2.917379648158881
3.480265592478915
4.16525523844015
4.993256777275234
5.859375
2.46875
2.607552032123299
2.796278518585646
3.105036883083387
3.541200941509854
4.103656316180522
4.790130522867999
5.609546484206265
6.46875
3.171875
3.234375
3.421875
3.734375
4.171875
4.734375
5.421875
6.234375
7.171875
0.265625
0.328125
0.515625
0.828125
1.265625
1.828125
2.515625
3.328125
4.265625
0.3125
0.4443417456093527
0.632512831698151
0.9433565376887271
1.380408952625979
1.943591789881648
2.627933584949085
3.455178707290921
4.3125
0.453125
0.5886170281744592
0.7904291209835385
1.101191857487347
1.537576956982114
2.101050996441378
2.783840382233736
3.618044177939518
4.453125
0.6875
0.8221372639938432
1.025111702326797
1.334410555432004
1.769729509560498
2.33309102823982
3.015515911747401
3.850665357685761
4.6875
1.015625
1.149886941933118
1.352507546835029
1.660966210189537
2.095049196960013
2.658093450883792
3.340619421998174
4.175376867985144
5.015625
1.4375
1.572465145013169
1.775396136169993
2.083775059294339
2.517540957624452
3.080264079445728
3.762517361599797
4.596481675741591
5.4375
1.953125
2.084805538242051
2.286171343491458
2.59423724645182
3.028148918633653
3.590621701208633
4.273938001366917
5.110071248191994
5.953125
2.5625
2.709560409390693
2.917866717924661
3.226556552415223
3.659857828766387
4.221463635036311
4.906937507174336
5.732047825170641
6.5625
3.265625
3.328125
3.515625
3.828125
4.265625
4.828125
5.515625
6.328125
7.265625
0.421875
0.484375
0.671875
0.984375
1.421875
1.984375
2.671875
3.484375
4.421875
0.46875
0.6004269996886722
0.78828932164946
1.09796566928197
1.534674383102071
2.097880094400544
2.781988710332919
3.609849245605826
4.46875
0.609375
0.7446036559742099
0.9490315471662464
1.259423424637374
1.694995735412811
2.258400324793974
2.940708923105538
3.776481968185384
4.609375
0.84375
0.977272193459515
1.184436293842745
1.497641063509906
1.93251422869239
2.495609545438334
3.177406805115896
4.014713713747583
4.84375
1.171875
1.304757509295717
1.511498661894162
1.824640378550638
2.257857676540553
2.820163075433743
3.501965398079585
4.338831559964876
5.171875
1.59375
1.727369255596173
1.93439365240265
2.247400823848207
2.679898559085972
3.241371150576148
3.922760813986835
4.758535301794788
5.59375
2.109375
2.239435235621967
2.444623269168094
2.757189757695767
3.189772665007137
3.75087585670065
4.433335637694719
5.271321640977416
6.109375
2.71875
2.86499444467738
3.078189773414469
3.39190556302952
3.823695026803415
4.383545383610593
5.06817435540948
5.894736020317713
6.71875
3.421875
3.484375
3.671875
3.984375
4.421875
4.984375
5.671875
6.484375
7.421875
0.640625
0.703125
0.890625
1.203125
1.640625
2.203125
2.890625
3.703125
4.640625
0.6875
0.8189982071215425
1.00671765808861
1.31610722732113
1.752571250726557
2.315773265678561
2.999929749556714
3.827742754745389
4.6875
0.828125
0.963041294664433
1.167438136687943
1.477469136670889
1.912064261611021
2.475221385374934
3.157548847656619
3.993323624954071
4.828125
1.0625
1.195473931405247
1.402735362523201
1.716766528408886
2.150574393385573
2.713059719250284
3.394769061572401
4.232177946756137
5.0625
1.390625
1.522744145213926
1.729079326262029
2.043291110230594
2.475603817862446
3.036937268291288
3.718500311370895
4.555390221085815
5.390625
1.8125
1.94535922596536
2.151796826606737
2.465691846719054
2.897047393888341
3.457049885239549
4.137969369547863
4.973479879965407
5.8125
2.328125
2.457452959890351
2.662007769950542
2.975379991992769
3.406723908928426
3.966158452586272
4.647992256516943
5.485444507350564
6.328125
2.9375
3.083048843109939
3.295751342704242
3.610387800385937
4.040792327102903
4.598608506527546
5.282296425109194
6.108494335556711
6.9375
3.640625
3.703125
3.890625
4.203125
4.640625
5.203125
5.890625
6.703125
7.640625
0.921875
0.984375
1.171875
1.484375
1.921875
2.484375
3.171875
3.984375
4.921875
0.96875
1.100749646138143
1.288672793715129
1.598077593636572
2.034524321252345
2.597631605888725
3.281566368829727
4.108994458525149
4.96875
1.109375
1.245005646929909
1.449741275898608
1.759768386903015
2.194116398856254
2.756981681619952
3.438980684625254
4.27407465593666
5.109375
1.34375
1.477468005214187
1.685077683457171
1.99919210225808
2.432530686554742
2.994315545156733
3.67555807705252
4.512110663034393
5.34375
1.671875
1.804734753752251
2.011244333347396
2.325427330371282
2.757157519485395
3.317391159008265
3.998283266905174
4.834109986989706
5.671875
2.09375
2.227256558429336
2.433699283794175
2.747259939737318
3.177732432776979
3.736253676419458
4.416316701959658
5.250533872847237
6.09375
2.609375
2.739107021453844
2.943548347259545
3.256470382832021
3.686786247300892
4.244595046797552
4.925524574096318
5.761503539752718
6.609375
3.21875
3.3643229345569
3.576649595426448
3.890696106089804
4.319868720576147
4.87580311151328
5.558374561871194
6.383577831360751
7.21875
3.921875
3.984375
4.171875
4.484375
4.921875
5.484375
6.171875
6.984375
7.921875
1.265625
1.328125
1.515625
1.828125
2.265625
2.828125
3.515625
4.328125
5.265625
1.3125
1.442132117383769
1.629135613625934
1.938367174778944
2.374902858492518
2.937806245103033
3.622638718217457
4.451648703104253
5.3125
1.453125
1.585406552580476
1.788502304749179
2.098151592514375
2.532607840927575
3.095189363842923
3.77828341267253
4.615682302249825
5.453125
1.6875
1.81762446784498
2.023344603872512
2.336972710275639
2.770383595427508
3.331788162480151
4.014104931434941
4.85301997745725
5.6875
2.015625
2.144939514358253
2.349537266586019
2.663187258920323
3.094947506485958
3.65466143298199
4.336467263105686
5.174400356816096
6.015625
2.4375
2.567226959590497
2.77165268686838
3.084585425545836
3.514975330339301
4.072873391635442
4.75380557890787
5.589945679567941
6.4375
2.953125
3.080022197994764
3.282628823978143
3.594874225175163
4.024942269694429
4.582086583719421
5.263580623872919
6.100678884385635
6.953125
3.5625
3.706914374526036
3.918159615289996
4.231571028369149
4.660208124040257
5.215258841501641
5.897559985577666
6.722912817414124
7.5625
4.265625
4.328125
4.515625
4.828125
5.265625
5.828125
6.515625
7.328125
8.265625
1.671875
1.734375
1.921875
2.234375
2.671875
3.234375
3.921875
4.734375
5.671875
1.71875
1.859797922158144
2.050660220685418
2.36018208215494
2.796507029874404
3.358984792212274
4.045396194289785
4.865236829604483
5.71875
1.859375
2.007301166087941
2.217689257909804
2.528264357644308
2.962285546516557
3.524038574526098
4.209414820214509
5.035178662918804
5.859375
2.09375
2.240160862951937
2.454080968143931
2.769097412311455
3.201904880433215
3.762130826666003
4.446725406321381
5.273802659944562
6.09375
2.421875
2.567430980674446
2.780232303485484
3.095251267224476
3.52619443311999
4.084367240113985
4.768104192333355
5.594596015602387
6.421875
2.84375
2.989318101400463
3.201631554721167
3.515706187905608
3.944997347138286
4.501072350179322
5.183687723804892
6.009015439628942
6.84375
3.359375
3.503788120118801
3.71502587427234
4.028423742801215
4.457060041798885
5.012129863620117
5.694441086769698
6.519823228466
7.359375
3.96875
4.120927175002702
4.338309500666965
4.652869299571413
5.080697695648062
5.634453047897131
6.316733639517877
7.135770554214019
7.96875
4.671875
4.734375
4.921875
5.234375
5.671875
6.234375
6.921875
7.734375
8.671875
2.140625
2.203125
2.390625
2.703125
3.140625
3.703125
4.390625
5.203125
6.140625
2.1875
2.25
2.4375
2.75
3.1875
3.75
4.4375
5.25
6.1875
2.328125
2.390625
2.578125
2.890625
3.328125
3.890625
4.578125
5.390625
6.328125
2.5625
2.625
2.8125
3.125
3.5625
4.125
4.8125
5.625
6.5625
2.890625
2.953125
3.140625
3.453125
3.890625
4.453125
5.140625
5.953125
6.890625
3.3125
3.375
3.5625
3.875
4.3125
4.875
5.5625
6.375
7.3125
3.828125
3.890625
4.078125
4.390625
4.828125
5.390625
6.078125
6.890625
7.828125
4.4375
4.5
4.6875
5
5.4375
6
6.6875
7.5
8.4375
5.140625
5.203125
5.390625
5.703125
6.140625
6.703125
7.390625
8.203125
9.140625
0.25
0.3125
0.5
0.8125
1.25
1.8125
2.5
3.3125
4.25
0.296875
0.359375
0.546875
0.859375
1.296875
1.859375
2.546875
3.359375
4.296875
0.4375
0.5
0.6875
1
1.4375
2
2.6875
3.5
4.4375
0.671875
0.734375
0.921875
1.234375
1.671875
2.234375
2.921875
3.734375
4.671875
1
1.0625
1.25
1.5625
2
2.5625
3.25
4.0625
5
1.421875
1.484375
1.671875
1.984375
2.421875
2.984375
3.671875
4.484375
5.421875
1.9375
2
2.1875
2.5
2.9375
3.5
4.1875
5
5.9375
2.546875
2.609375
2.796875
3.109375
3.546875
4.109375
4.796875
5.609375
6.546875
3.25
3.3125
3.5
3.8125
4.25
4.8125
5.5
6.3125
7.25
0.28125
0.34375
0.53125
0.84375
1.28125
1.84375
2.53125
3.34375
4.28125
0.328125
0.4564948377261137
0.6439890009133198
0.9557057069855507
1.39298318849048
1.955988628430424
2.641285006177281
3.464550768854926
4.328125
0.46875
0.5987902455130751
0.7855961238409607
1.09607352712827
1.532998976014609
2.096198147176474
2.780629931487487
3.607546888918195
4.46875
0.703125
0.8326655444880057
1.018565142833547
1.327456945346542
1.763878164264193
2.327064621747357
3.011339492090742
3.838475039154943
4.703125
1.03125
1.160576153662505
1.346189833704144
1.654618068276695
2.090674757080955
2.653812880706016
3.338186601327271
4.165026921996358
5.03125
1.453125
1.582969200419859
1.768776715449691
2.0771910438186
2.513192723112689
3.076206855127545
3.760388523141875
4.586747466434802
5.453125
1.96875
2.096316860009872
2.281261200929034
2.589549245758525
3.02567282042562
3.58850603287264
4.273520714058615
5.101322108463371
5.96875
2.578125
2.716818089534501
2.905347977110662
3.213685294324249
3.649417696604443
4.211741075453021
4.898194724382996
5.717566111810932
6.578125
3.28125
3.34375
3.53125
3.84375
4.28125
4.84375
5.53125
6.34375
7.28125
0.375
0.4375
0.625
0.9375
1.375
1.9375
2.625
3.4375
4.375
0.421875
0.5535914901128303
0.7417067876386803
1.052397163704093
1.489330990384179
2.052540046145199
2.73690575061187
3.564213201616288
4.421875
0.5625
0.6978174514363997
0.8997124803021332
1.210223268105483
1.646116395291201
2.209543022350243
2.89233668561595
3.726705921641776
4.5625
0.796875
0.9312124159851932
1.134271754250608
1.443439611447615
1.877927847533023
2.441088042148611
3.123485267904679
3.958847660043761
4.796875
1.125
1.258853862443284
1.461272661432724
1.769367172819527
2.202288411415815
2.764928589111987
3.447400211651918
4.28227457674443
5.125
1.546875
1.681460513387141
1.884130778895227
2.192032844521679
2.624455632220618
3.186587285945556
3.868739661119668
4.702649945534919
5.546875
2.0625
2.193812839177799
2.394887540484668
2.702447687493408
3.135000859907707
3.696843870729856
4.380033549212319
5.216016584220263
6.0625
2.671875
2.818680602506849
3.026840431149064
3.335064016854314
3.766867562552846
4.327638824689235
5.012876886198162
5.837987164489981
6.671875
3.375
3.4375
3.625
3.9375
4.375
4.9375
5.625
6.4375
7.375
0.53125
0.59375
0.78125
1.09375
1.53125
2.09375
2.78125
3.59375
4.53125
0.578125
0.7096253819904607
0.8973803951146477
1.20682364943066
1.643311154739059
2.206524159962913
2.890652948756595
3.718570872350187
4.578125
0.71875
0.8537040316904708
1.058320240395733
1.368705837299927
1.803503586897526
2.366718681007344
3.048981770609871
3.885059020983381
4.71875
0.953125
1.086190353514777
1.29397206315224
1.608892678267134
2.043291110230594
2.605956363066824
3.287572725065218
4.125524333547398
4.953125
1.28125
1.413484049226427
1.620518651548534
1.936007827075614
2.369236610745683
2.930884592854177
3.612344744522672
4.44996593679449
5.28125
1.703125
1.836110120249711
2.043294122239145
2.358588490535594
2.790994718451231
3.351381018203742
4.032182096639533
4.868502593909545
5.703125
2.21875
2.348176159090232
2.553440692903794
2.868183655485587
3.300568342080203
3.86037117967794
4.542104909339309
5.380468556682422
6.21875
2.828125
2.973876960714737
3.187486738733551
3.503734187177198
3.935368042811576
4.493631220471686
5.177320474441052
6.00400558421011
6.828125
3.53125
3.59375
3.78125
4.09375
4.53125
5.09375
5.78125
6.59375
7.53125
0.75
0.8125
1
1.3125
1.75
2.3125
3
3.8125
4.75
0.796875
0.9281691188345305
1.115712705763249
1.424790962764063
1.860954431572895
2.424137555222096
3.108316210731085
3.936141750633358
4.796875
0.9375
1.072044720132819
1.276428927574247
1.586382237470535
2.019986600776239
2.582791681183339
3.265028859935982
4.101125943052644
4.9375
1.171875
1.304223953238929
1.511957976835038
1.828724543920635
2.26286940362892
2.824831917417065
3.506189177674448
4.344541652503164
5.171875
1.5
1.631234106064836
1.837684790136663
2.156502196512157
2.591777267116373
3.152994898861136
3.833941555125734
4.672194903903906
5.5
1.921875
2.05384207214485
2.260181816363323
2.578889367577007
3.013926700027378
3.57366993287199
4.25353150367816
5.09024660701432
5.921875
2.4375
2.565932039233246
2.770258156475834
3.088257208383756
3.523178275147311
4.082009234196079
4.76242149144238
5.600798294886092
6.4375
3.046875
3.191647353878443
3.404570295169273
3.724519474228925
4.158868605503316
4.715817500273211
5.397712374394664
6.223949744412147
7.046875
3.75
3.8125
4
4.3125
4.75
5.3125
6
6.8125
7.75
1.03125
1.09375
1.28125
1.59375
2.03125
2.59375
3.28125
4.09375
5.03125
1.078125
1.209949772409294
1.397697182691632
1.706777004105398
2.142897240035444
2.705960415966766
3.38990877433341
4.217291597752878
5.078125
1.21875
1.354039081660358
1.558718535440211
1.868608285753481
2.301845767400602
2.864205581193094
3.546052899112823
4.381362626474187
5.21875
1.453125
1.586236542320954
1.794238924612215
2.111220618004363
2.545052168611172
3.106053424936646
3.78670872108851
4.624155414877985
5.453125
1.78125
1.913221914551525
2.119708859471956
2.43899949317406
2.874858501193622
3.435165102336176
4.11507107633911
4.952346251456733
5.78125
2.203125
2.335713976805987
2.541823876440632
2.860725831669553
3.296660271800362
3.855634582760902
4.53419721346694
5.369729706003239
6.203125
2.71875
2.847546535255713
3.051470346716164
3.369424428575897
3.805088379517976
4.363027504355191
5.041931390275048
5.878810805226986
6.71875
3.328125
3.472829338089173
3.68506418656777
4.004936862408566
4.440016789158037
4.995867823829114
5.675877716923639
6.500634855849457
7.328125
4.03125
4.09375
4.28125
4.59375
5.03125
5.59375
6.28125
7.09375
8.03125
1.375
1.4375
1.625
1.9375
2.375
2.9375
3.625
4.4375
5.375
1.421875
1.551348713842464
1.738168289494963
2.047072456092161
2.483288648927781
3.046143793794943
3.730974012133197
4.559911657879668
5.421875
1.5625
1.694444108619346
1.897438395353385
2.20690660978733
2.640230156447559
3.202261318333197
3.885177731974243
4.722745641005454
5.5625
1.796875
1.926385912758016
2.132403112492524
2.448794585905956
2.882636372789511
3.443086887165327
4.124692568750418
4.964448455479811
5.796875
2.125
2.253418258331595
2.457858804731623
2.776480805941288
3.212414995168889
3.772026537374945
4.452556290131424
5.291863099047188
6.125
2.546875
2.675664044986478
2.879574556326352
3.197613511614305
3.633566110035894
4.191857795243442
4.870894006895948
5.708197330059004
6.546875
3.0625
3.18842731020778
3.390321914736166
3.707280228161528
4.142691088820466
4.699856623516848
5.378774561972163
6.21639532739853
7.0625
3.671875
3.815373823215589
4.026334999768544
4.345280272035828
4.779841982716855
5.334650766587677
6.013596854508467
6.837803107825382
7.671875
4.375
4.4375
4.625
4.9375
5.375
5.9375
6.625
7.4375
8.375
1.78125
1.84375
2.03125
2.34375
2.78125
3.34375
4.03125
4.84375
5.78125
1.828125
1.969085410214076
2.159815378001223
2.468991382688799
2.904923299849527
3.467278815789315
4.153656889718918
4.973523136734846
5.828125
1.96875
2.116481690699317
2.326974940656352
2.637491734604484
3.070311914669476
3.63134038478282
4.316466244961251
5.142405817511269
5.96875
2.203125
2.349087215884043
2.563703095544102
2.881944040806999
3.315345864537339
3.874412668002266
4.558152290997068
5.38561851290918
6.203125
2.53125
2.676038128486527
2.889163280977689
3.209921580246013
3.645542307102725
4.203488037974515
4.885691258064329
5.712533381582033
6.53125
2.953125
3.097822947107391
3.310053065722087
3.630065488970705
4.065587682416928
4.62200594165499
5.302331153452311
6.127475772921006
6.953125
3.46875
3.612246439135212
3.823195301746441
4.142132189794458
4.576756062225424
5.131717678284329
5.810798381618404
6.63515187348323
7.46875
4.078125
4.22948016165876
4.446824470532555
4.76723144160825
5.201117018751918
5.754316689992557
6.432500639141079
7.249217859092478
8.078125
4.78125
4.84375
5.03125
5.34375
5.78125
6.34375
7.03125
7.84375
8.78125
2.25
2.3125
2.5
2.8125
3.25
3.8125
4.5
5.3125
6.25
2.296875
2.359375
2.546875
2.859375
3.296875
3.859375
4.546875
5.359375
6.296875
2.4375
2.5
2.6875
3
3.4375
4
4.6875
5.5
6.4375
2.671875
2.734375
2.921875
3.234375
3.671875
4.234375
4.921875
5.734375
6.671875
3
3.0625
3.25
3.5625
4
4.5625
5.25
6.0625
7
3.421875
3.484375
3.671875
3.984375
4.421875
4.984375
5.671875
6.484375
7.421875
3.9375
4
4.1875
4.5
4.9375
5.5
6.1875
7
7.9375
4.546875
4.609375
4.796875
5.109375
5.546875
6.109375
6.796875
7.609375
8.546875
5.25
5.3125
5.5
5.8125
6.25
6.8125
7.5
8.3125
9.25
0.390625
0.453125
0.640625
0.953125
1.390625
1.953125
2.640625
3.453125
4.390625
0.4375
0.5
0.6875
1
1.4375
2
2.6875
3.5
4.4375
0.578125
0.640625
0.828125
1.140625
1.578125
2.140625
2.828125
3.640625
4.578125
0.8125
0.875
1.0625
1.375
1.8125
2.375
3.0625
3.875
4.8125
1.140625
1.203125
1.390625
1.703125
2.140625
2.703125
3.390625
4.203125
5.140625
1.5625
1.625
1.8125
2.125
2.5625
3.125
3.8125
4.625
5.5625
2.078125
2.140625
2.328125
2.640625
3.078125
3.640625
4.328125
5.140625
6.078125
2.6875
2.75
2.9375
3.25
3.6875
4.25
4.9375
5.75
6.6875
3.390625
3.453125
3.640625
3.953125
4.390625
4.953125
5.640625
6.453125
7.390625
0.421875
0.484375
0.671875
0.984375
1.421875
1.984375
2.671875
3.484375
4.421875
0.46875
0.5974742715376495
0.7850820029580177
1.096811700869617
1.534108613284158
2.097054202543604
2.782179236502989
3.60524863586852
4.46875
0.609375
0.7398885944051916
0.9268795259686796
1.237377834150639
1.674312132846664
2.237435610426247
2.921644965477104
3.748256550217635
4.609375
0.84375
0.9737822722918978
1.15987870357279
1.46878593167697
1.905191205108032
2.468288861957807
3.152342695267436
3.979113995234043
4.84375
1.171875
1.301715856989016
1.487519372563151
1.795942099392383
2.231952407926037
2.794977033440831
3.479131060729322
4.305550116807055
5.171875
1.59375
1.724048373602403
1.910031468354081
2.218429966262653
2.654362122597474
3.217246360294569
3.901241323778756
4.727177195903655
5.59375
2.109375
2.237217283007927
2.422285119235294
2.730561153866676
3.16661983925381
3.729358500956123
4.414269749465812
5.241702971241969
6.109375
2.71875
2.857519018004352
3.046066472599065
3.354335585026147
3.7899450510114
4.352170317262196
5.038574826934462
5.857777710809698
6.71875
3.421875
3.484375
3.671875
3.984375
4.421875
4.984375
5.671875
6.484375
7.421875
0.515625
0.578125
0.765625
1.078125
1.515625
2.078125
2.765625
3.578125
4.515625
0.5625
0.6946951858523658
0.8829983064564145
1.193710687365419
1.630654031815389
2.193785960131813
2.877922968483934
3.704923875581133
4.5625
0.703125
0.8391170869441497
1.04133042106105
1.351869883635709
1.787686268333818
2.350971408122619
3.033447769433641
3.867314608404928
4.703125
0.9375
1.072544410002348
1.275942060966214
1.585143121403379
2.01943056237059
2.582326981687151
3.264374559249134
4.099135053372959
4.9375
1.265625
1.400203170500601
1.602892942884277
1.910927858002999
2.343509718437881
2.905734914138294
3.587818760545814
4.421977478382896
5.265625
1.6875
1.822732167765214
2.025615673693347
2.333358432807862
2.765308728234662
3.326895683925831
4.00865891836261
4.841779761281978
5.6875
2.203125
2.334841125248955
2.536034344193791
2.843407497682637
3.275462519869074
3.836768739379549
4.519664701756366
5.35488611918931
6.203125
2.8125
2.959401123326062
3.167496257027013
3.475443701483361
3.906630123961201
4.466779027237235
5.151743284119532
5.976458150143998
6.8125
3.515625
3.578125
3.765625
4.078125
4.515625
5.078125
5.765625
6.578125
7.515625
0.671875
0.734375
0.921875
1.234375
1.671875
2.234375
2.921875
3.734375
4.671875
0.71875
0.8507528437141788
1.038712426209719
1.348176343254586
1.784650743323587
2.347772710193571
3.031664889292314
3.85922088147369
4.71875
0.859375
0.9950452794244989
1.200014238296718
1.510452417957535
1.945061201229323
2.508013132740663
3.189909283449922
4.025401344752344
4.859375
1.09375
1.227566754832201
1.435761714511691
1.750983380667952
2.185162814023512
2.747259939737318
3.428355340118205
4.265686024273999
5.09375
1.421875
1.554861175823494
1.762189135720465
2.078059457840052
2.511214969645337
3.07206356574117
3.752809891354153
4.589762807958146
5.421875
1.84375
1.977397662734182
2.184730734914886
2.500204334317903
2.932404839509886
3.491738933992112
4.171654430041177
5.007180121757726
5.84375
2.359375
2.489205541916431
2.694476946084214
3.009267645897706
3.441312871749871
3.99993277487907
4.680755632439524
5.518255892827289
6.359375
2.96875
3.114549357505442
3.327976284242132
3.644271467329409
4.075521541544586
4.632449360423768
5.315126914945766
6.141178193501686
6.96875
3.671875
3.734375
3.921875
4.234375
4.671875
5.234375
5.921875
6.734375
7.671875
0.890625
0.953125
1.140625
1.453125
1.890625
2.453125
3.140625
3.953125
4.890625
0.9375
1.069323100693873
1.257068511248362
1.56615253189229
2.002277082442118
2.565345505123409
3.249280043127134
4.076692922939004
4.9375
1.078125
1.213410410217088
1.418099617434736
1.728055792494141
2.161372810509234
2.723779395289462
3.405592448825896
4.241026392898175
5.078125
1.3125
1.445612070107846
1.653686431352874
1.970956101656592
2.405162294208225
2.966394698705362
3.647022618445821
4.484785521902287
5.3125
1.640625
1.772601756958199
1.979235902580587
2.299109618771114
2.735790302359864
3.296660271800363
3.976610649000059
4.814445895899146
5.640625
2.0625
2.19509906596263
2.401397690537
2.721067105438268
3.158155441264549
3.717982597742801
4.396673603420391
5.232954292033943
6.0625
2.578125
2.706917804049436
2.911009896429237
3.229738325933207
3.666627952178926
4.225503894308643
4.904601913218156
5.742411374777044
6.578125
3.1875
3.332230663275298
3.544727952991758
3.865566969432865
4.30211643360045
4.859092409859818
5.539478286473697
6.364811125104694
7.1875
3.890625
3.953125
4.140625
4.453125
4.890625
5.453125
6.140625
6.953125
7.890625
1.171875
1.234375
1.421875
1.734375
2.171875
2.734375
3.421875
4.234375
5.171875
1.21875
1.351042544661203
1.538977675987482
1.848054918803264
2.284115683436694
2.847049696334316
3.53078288825702
4.357756202530455
5.21875
1.359375
1.495328025693048
1.700259939264074
2.010076034982085
2.442927023482199
3.004781102797625
3.686192259154812
4.520796657554605
5.359375
1.59375
1.727538767039028
1.935762186035598
2.253148728898488
2.687077246242791
3.247224191564764
3.926992158122697
4.763826370668215
5.59375
1.921875
2.054484155119273
2.260971504633369
2.581408379206983
3.019650610728736
3.580330612724698
4.259149993373841
5.096178878064645
5.921875
2.34375
2.476853032374063
2.68266652166942
3.002709449137417
3.442678627706595
4.003875063360031
4.681630201789046
5.5171756359303
6.34375
2.859375
2.98844162991265
3.191835420963956
3.510608231042108
3.950456674215543
4.511180571222087
5.189391126435599
6.026262568810143
6.859375
3.46875
3.613328330515797
3.824812819782485
4.145741858244747
4.585541581921222
5.144535544138309
5.823771834296034
6.647531320551033
7.46875
4.171875
4.234375
4.421875
4.734375
5.171875
5.734375
6.421875
7.234375
8.171875
1.515625
1.578125
1.765625
2.078125
2.515625
3.078125
3.765625
4.578125
5.515625
1.5625
1.692255329512864
1.879203276000315
2.188101806490792
2.624257600176113
3.187017242611753
3.871720706102646
4.700316966243684
5.5625
1.703125
1.835481279007145
2.03862091895394
2.347975160316929
2.780879967472416
3.342411901188693
4.024991182712736
4.861920017595178
5.703125
1.9375
2.06742400051567
2.273509884517718
2.590179951677208
3.024028579237257
3.583548847798481
4.264267695594282
5.103450385717085
5.9375
2.265625
2.394406582573926
2.598653655752498
2.918241306328926
3.356645255357793
3.916810575150343
4.596235052782165
5.435398469159123
6.265625
2.6875
2.816558807090017
3.019945241980897
3.33888657588
3.779286965103795
4.34073094065513
5.019309698028624
5.856952295397242
6.6875
3.203125
3.32917166273948
3.530317663669105
3.847779758749038
4.287868192346175
4.84922826962165
5.528150000587536
6.366226958308439
7.203125
3.8125
3.955802816937894
4.165811080931269
4.485515900725356
4.925452475237853
5.485151287470229
6.164186670197556
6.987383602651243
7.8125
4.515625
4.578125
4.765625
5.078125
5.515625
6.078125
6.765625
7.578125
8.515625
1.921875
1.984375
2.171875
2.484375
2.921875
3.484375
4.171875
4.984375
5.921875
1.96875
2.109789400140183
2.300543720343994
2.609664061057898
3.045482791347694
3.607742445247539
4.29406067762867
5.11377886760433
5.96875
2.109375
2.257211045707492
2.467677905649096
2.778018640973149
3.210331684054784
3.770795189465116
4.455634347455623
5.281255978219852
6.109375
2.34375
2.489770947297546
2.704284932352533
3.022856910384819
3.456302989075166
4.014364848000301
4.697192429954034
5.524216163910808
6.34375
2.671875
2.816625597479643
3.029380598570063
3.351325703019305
3.789786971301754
4.348455113716394
5.029532292552428
5.855828311431483
6.671875
3.09375
3.238321451874339
3.449812085737741
3.771011096910789
4.211679699747097
4.771895452346318
5.451970826369024
6.27655991539261
7.09375
3.609375
3.752674672630386
3.962668245861492
4.28238692284383
4.722519386934506
5.282660552956121
5.962146382086675
6.785762038229949
7.609375
4.21875
4.369780024398962
4.586053806295709
4.907254134319932
5.34684549775827
5.905588510234189
6.584140473808654
7.398949226615491
8.21875
4.921875
4.984375
5.171875
5.484375
5.921875
6.484375
7.171875
7.984375
8.921875
2.390625
2.453125
2.640625
2.953125
3.390625
3.953125
4.640625
5.453125
6.390625
2.4375
2.5
2.6875
3
3.4375
4
4.6875
5.5
6.4375
2.578125
2.640625
2.828125
3.140625
3.578125
4.140625
4.828125
5.640625
6.578125
2.8125
2.875
3.0625
3.375
3.8125
4.375
5.0625
5.875
6.8125
3.140625
3.203125
3.390625
3.703125
4.140625
4.703125
5.390625
6.203125
7.140625
3.5625
3.625
3.8125
4.125
4.5625
5.125
5.8125
6.625
7.5625
4.078125
4.140625
4.328125
4.640625
5.078125
5.640625
6.328125
7.140625
8.078125
4.6875
4.75
4.9375
5.25
5.6875
6.25
6.9375
7.75
8.6875
5.390625
5.453125
5.640625
5.953125
6.390625
6.953125
7.640625
8.453125
9.390625
0.5625
0.625
0.8125
1.125
1.5625
2.125
2.8125
3.625
4.5625
0.609375
0.671875
0.859375
1.171875
1.609375
2.171875
2.859375
3.671875
4.609375
0.75
0.8125
1
1.3125
1.75
2.3125
3
3.8125
4.75
0.984375
1.046875
1.234375
1.546875
1.984375
2.546875
3.234375
4.046875
4.984375
1.3125
1.375
1.5625
1.875
2.3125
2.875
3.5625
4.375
5.3125
1.734375
1.796875
1.984375
2.296875
2.734375
3.296875
3.984375
4.796875
5.734375
2.25
2.3125
2.5
2.8125
3.25
3.8125
4.5
5.3125
6.25
2.859375
2.921875
3.109375
3.421875
3.859375
4.421875
5.109375
5.921875
6.859375
3.5625
3.625
3.8125
4.125
4.5625
5.125
5.8125
6.625
7.5625
0.59375
0.65625
0.84375
1.15625
1.59375
2.15625
2.84375
3.65625
4.59375
0.640625
0.7676591773850893
0.9547738970378811
1.266427308218569
1.703772103243919
2.266553268967721
2.952394516675962
3.776543968928811
4.640625
0.78125
0.9095494031575759
1.095731301451719
1.406088394981939
1.843095591090787
2.406013228597678
3.091076173023747
3.919171987040203
4.78125
1.015625
1.143338761561876
1.328547492991231
1.637299113935921
2.073799155494448
2.636702509677395
3.321614282502113
4.14991578066768
5.015625
1.34375
1.471308258054297
1.656238307331234
1.964522354694329
2.400645258622315
2.96348358992162
3.648465428405543
4.476348736137528
5.34375
1.765625
1.893466637984415
2.078530627982343
2.386801030139981
2.822854858715343
3.385592855310856
4.070494863332299
4.897937873858884
5.765625
2.28125
2.407375032599898
2.59165323553886
2.899793804533094
3.335937785579006
3.898607420265541
4.584260432007646
5.412755091852432
6.28125
2.890625
3.02879400867227
3.216955238491563
3.525119027956669
3.960734665894231
4.522927180859831
5.209625736560429
6.029193829929595
6.890625
3.59375
3.65625
3.84375
4.15625
4.59375
5.15625
5.84375
6.65625
7.59375
0.6875
0.75
0.9375
1.25
1.6875
2.25
2.9375
3.75
4.6875
0.734375
0.8643249092772708
1.0517994744773
1.362359333936481
1.799371410215169
2.362291231604508
3.047304601378132
3.875822490839456
4.734375
0.875
1.007867647502881
1.208639962750126
1.518868188555391
1.95478092040249
2.517788723384739
3.201322365282814
4.037393153151565
4.875
1.109375
1.241089370900316
1.442856547705894
1.751679915860656
2.186073757811112
2.748687578075639
3.431804903709176
4.268866372606051
5.109375
1.4375
1.568789945579999
1.769850363675695
2.077506680764364
2.510202156419283
3.072131389376376
3.755232934591491
4.591564944915503
5.4375
1.859375
1.991086633996005
2.192261646827856
2.499616176900308
2.931670939089448
3.49298838141343
4.175854732638545
5.011151313117583
5.859375
2.375
2.504110092247628
2.703763662003587
3.010738354880306
3.442832627281078
4.003949748079632
4.687764548217745
5.524567249372397
6.375
2.984375
3.130256246090067
3.33750900494948
3.645130193795421
4.076199427241021
4.636141075011942
5.321419514981394
6.146730316441319
6.984375
3.6875
3.75
3.9375
4.25
4.6875
5.25
5.9375
6.75
7.6875
0.84375
0.90625
1.09375
1.40625
1.84375
2.40625
3.09375
3.90625
4.84375
0.890625
1.020250214905184
1.207277529955066
1.516556407001957
1.953112612160301
2.516024703702272
3.200818240248438
4.029978204800475
4.890625
1.03125
1.163548468909608
1.366844906856397
1.676872927218793
2.111570260516304
2.674222302276428
3.35721686384366
4.195079864456853
5.03125
1.265625
1.395813700067993
1.60206593857693
1.91675566285551
2.350994525847876
2.912700468259652
3.594874225175163
4.434718313937084
5.265625
1.59375
1.723149268026036
1.928499686174749
2.243798189340692
2.677015537195265
3.237377140469377
3.919054922516796
4.758380255613485
5.59375
2.015625
2.145445418189737
2.350685625301884
2.665497731325338
3.097691037826687
3.656489464554854
4.337317642062627
5.175140172457739
6.015625
2.53125
2.658201720025744
2.861562275149272
3.175643518915385
3.607529929105539
4.165598646874178
4.847035482200677
5.686080111117239
6.53125
3.140625
3.285243876222259
3.497557177497026
3.813269364848984
4.244188022837646
4.800453334391436
5.482961212309271
6.309415961229933
7.140625
3.84375
3.90625
4.09375
4.40625
4.84375
5.40625
6.09375
6.90625
7.84375
1.0625
1.125
1.3125
1.625
2.0625
2.625
3.3125
4.125
5.0625
1.109375
1.238844412864677
1.425656842696063
1.734559010560064
2.170774868026129
2.733632572319432
3.418446369306661
4.247424971716746
5.109375
1.25
1.381932661820446
1.584919806948899
1.894436106422808
2.327830804703348
2.889905077656457
3.572777424663829
4.410519821353073
5.25
1.484375
1.613872467225917
1.819932609128001
2.136601852833508
2.570859970347042
3.131589867561045
3.813167575339162
4.653404304945342
5.484375
1.8125
1.940904477429942
2.14545945298741
2.464704403498819
2.901651715190467
3.462043840553812
4.142691088820468
4.982927903208282
5.8125
2.234375
2.363152823510968
2.567218315649612
2.886116492010023
3.323583413214761
3.883164476085144
4.562527146459956
5.401184424441083
6.234375
2.75
2.875899667381244
3.077921607425752
3.395755234750272
3.83282588750951
4.391489763080856
5.070894792297708
5.910241487338637
6.75
3.359375
3.502887137052666
3.714109180116162
4.03423612150136
4.470906786877947
5.027637860969755
5.707443014448574
6.532794874021998
7.359375
4.0625
4.125
4.3125
4.625
5.0625
5.625
6.3125
7.125
8.0625
1.34375
1.40625
1.59375
1.90625
2.34375
2.90625
3.59375
4.40625
5.34375
1.390625
1.520380007001108
1.707326030373839
2.016221744627445
2.452375109906879
3.01513441978912
3.69983326303589
4.528434417552142
5.390625
1.53125
1.66360403338067
1.866734570270973
2.176079499925764
2.608984177082603
3.170521722205634
3.853086198153825
4.690052614559315
5.53125
1.765625
1.895543938652323
2.101614224126552
2.418294994391024
2.852217662275665
3.411827192636373
4.092548700405833
4.93189252553231
5.765625
2.09375
2.222524092304692
2.426757865362685
2.746430389367334
3.185122985875711
3.745640866038595
4.425197669403066
5.264784993991142
6.09375
2.515625
2.644675984267383
2.848055062997837
3.167164920717892
3.608117255992045
4.17028131008817
4.84922826962165
5.687642021984339
6.515625
3.03125
3.157284219672722
3.358412679110193
3.67606076356059
4.116830808967076
4.679146841214676
5.358650794087668
6.197839530469092
7.03125
3.640625
3.783920268246351
3.993943677895406
4.313958040540579
4.754839000069872
5.315841014057328
5.99579924235821
6.81990516287184
7.640625
4.34375
4.40625
4.59375
4.90625
5.34375
5.90625
6.59375
7.40625
8.34375
1.6875
1.75
1.9375
2.25
2.6875
3.25
3.9375
4.75
5.6875
1.734375
1.862355548523835
2.048458726408357
2.357177284310401
2.793391083653589
3.356058376902374
4.041548849882949
4.871299356073776
5.734375
1.875
2.004687154762741
2.206204958724361
2.515083766185918
2.947976810043001
3.509276229036001
4.192810689447851
5.031492790292344
5.875
2.109375
2.236381242056726
2.440495726320402
2.756412812655608
3.190117588516648
3.749110710028936
4.430490340528436
5.271481337848845
6.109375
2.4375
2.563372024554708
2.765521300115339
3.084230241339014
3.522960686198554
4.083122902644866
4.763015022623255
5.604087647278745
6.4375
2.859375
2.985396776605965
3.186507694551282
3.504341768372142
3.945793425587975
4.509065412807701
5.1891515875878
6.029452102629745
6.859375
3.375
3.498837267758249
3.697856830677958
4.013945198856195
4.455135252948801
5.019652381087932
5.701166523316717
6.542263131110436
7.375
3.984375
4.126714265003118
4.335270596821288
4.653763665772479
5.09513533432879
5.659024386679516
6.341083561458178
7.165683016679685
7.984375
4.6875
4.75
4.9375
5.25
5.6875
6.25
6.9375
7.75
8.6875
2.09375
2.15625
2.34375
2.65625
3.09375
3.65625
4.34375
5.15625
6.09375
2.140625
2.28104404841573
2.471388993742174
2.780384699378453
3.216196831230151
3.778413031554041
4.465040645489773
5.285160035328696
6.140625
2.28125
2.428039497541426
2.637624856747394
2.947607506835594
3.379788786004109
3.940032138348033
4.625197321510338
5.451496165839494
6.28125
2.515625
2.660447123511248
2.873820998686397
3.191820415760885
3.625019839393663
4.182518849399706
4.865243540232907
5.692829516097621
6.515625
2.84375
2.987273066809369
3.19874366244168
3.520043888725521
3.958885670547614
4.517691867048486
5.19849070149862
6.025135405876463
6.84375
3.265625
3.4089095752473
3.618933439789764
3.939271202474278
4.381292436598544
4.944040006130317
5.625371526407981
6.450805158671143
7.265625
3.78125
3.923584909711117
4.132122862430285
4.450644766964511
4.892336861438728
5.456984098568634
6.13990399180592
6.965301875897763
7.78125
4.390625
4.541126240727798
4.756262015237671
5.076243070965309
5.517475937730925
6.081705154470445
6.76492073511584
7.581264061662146
8.390625
5.09375
5.15625
5.34375
5.65625
6.09375
6.65625
7.34375
8.15625
9.09375
2.5625
2.625
2.8125
3.125
3.5625
4.125
4.8125
5.625
6.5625
2.609375
2.671875
2.859375
3.171875
3.609375
4.171875
4.859375
5.671875
6.609375
2.75
2.8125
3
3.3125
3.75
4.3125
5
5.8125
6.75
2.984375
3.046875
3.234375
3.546875
3.984375
4.546875
5.234375
6.046875
6.984375
3.3125
3.375
3.5625
3.875
4.3125
4.875
5.5625
6.375
7.3125
3.734375
3.796875
3.984375
4.296875
4.734375
5.296875
5.984375
6.796875
7.734375
4.25
4.3125
4.5
4.8125
5.25
5.8125
6.5
7.3125
8.25
4.859375
4.921875
5.109375
5.421875
5.859375
6.421875
7.109375
7.921875
8.859375
5.5625
5.625
5.8125
6.125
6.5625
7.125
7.8125
8.625
9.5625
0.765625
0.828125
1.015625
1.328125
1.765625
2.328125
3.015625
3.828125
4.765625
0.8125
0.875
1.0625
1.375
1.8125
2.375
3.0625
3.875
4.8125
0.953125
1.015625
1.203125
1.515625
1.953125
2.515625
3.203125
4.015625
4.953125
1.1875
1.25
1.4375
1.75
2.1875
2.75
3.4375
4.25
5.1875
1.515625
1.578125
1.765625
2.078125
2.515625
3.078125
3.765625
4.578125
5.515625
1.9375
2
2.1875
2.5
2.9375
3.5
4.1875
5
5.9375
2.453125
2.515625
2.703125
3.015625
3.453125
4.015625
4.703125
5.515625
6.453125
3.0625
3.125
3.3125
3.625
4.0625
4.625
5.3125
6.125
7.0625
3.765625
3.828125
4.015625
4.328125
4.765625
5.328125
6.015625
6.828125
7.765625
0.796875
0.859375
1.046875
1.359375
1.796875
2.359375
3.046875
3.859375
4.796875
0.84375
0.9795434941118972
1.168612319507363
1.480360454074047
1.917671759402411
2.480247230520179
3.167168948271221
3.983867943181984
4.84375
0.984375
1.123578370492606
1.313219243358843
1.623780666594407
2.060667918477101
2.623249138869684
3.309795964894276
4.129006052931377
4.984375
1.21875
1.357588240113694
1.546440455056319
1.855369719632501
2.291621451848466
2.854099495764729
3.540537017445978
4.360125521504134
5.21875
1.546875
1.685565416566158
1.874095330149933
2.182449569453264
2.618199245820612
3.180530943861711
3.866966583896402
4.686392693230061
5.546875
1.96875
2.107518081105458
2.296061531700431
2.604325918713271
3.039932269047837
3.602156559979281
4.28855344093636
5.10776424027449
5.96875
2.484375
2.622543994900544
2.810704557060945
3.118866519142201
3.554479897733481
4.116670892244817
4.803367025976428
5.622934352404435
6.484375
3.09375
3.236263741337362
3.426951747073283
3.735415040153068
4.170805983939626
4.732757505006886
5.419804613641856
6.234983200249984
7.09375
3.796875
3.859375
4.046875
4.359375
4.796875
5.359375
6.046875
6.859375
7.796875
0.890625
0.953125
1.140625
1.453125
1.890625
2.453125
3.140625
3.953125
4.890625
0.9375
1.078544421477849
1.269597564810121
1.580421611996931
2.017334231175195
2.579916464233182
3.266446468693528
4.085796809337491
4.9375
1.078125
1.225975886261399
1.433315443342506
1.744217065828936
2.17987990552834
2.742279583056928
3.428009717223223
4.252624608554809
5.078125
1.3125
1.459722345861366
1.668648643184273
1.978338941874147
2.41229054238749
2.974080931257115
3.659465149553077
4.485102603963663
5.3125
1.640625
1.787427955546121
1.99562308707344
2.304025938416799
2.736053534169679
3.296944115845847
3.982145850849199
4.807472090527154
5.640625
2.0625
2.209396182427428
2.417472906795012
2.725407620072799
3.156607882269835
3.716777559147746
4.401722807908252
5.226490161709603
6.0625
2.578125
2.724005564659449
2.931253380997252
3.238862711760105
3.669920031196819
4.229855404872387
4.915124046199389
5.740438004953397
6.578125
3.1875
3.340533259885513
3.553152760395177
3.861629993360175
4.292214553545739
4.851506167492406
5.537291849209435
6.356561214801065
7.1875
3.890625
3.953125
4.140625
4.453125
4.890625
5.453125
6.140625
6.953125
7.890625
1.046875
1.109375
1.296875
1.609375
2.046875
2.609375
3.296875
4.109375
5.046875
1.09375
1.234816026153342
1.425741188920755
1.735348500429497
2.17171728504371
2.734206382004376
3.420599441578772
4.240526348253417
5.09375
1.234375
1.382382134323278
1.59308022053961
1.90415555237377
2.338501903327109
2.9003472226365
3.585678641403879
4.411706052315314
5.234375
1.46875
1.615327281226493
1.829972162873393
2.146289261593391
2.580114734063015
3.140716269721413
3.825276457233281
4.652869299571413
5.46875
1.796875
1.942641235843752
2.156448660296037
2.473461120854277
2.906172254845752
3.465148687644566
4.148936008889373
4.976208944301459
5.796875
2.21875
2.364539691192566
2.577940202831568
2.894291630961018
3.325778794668866
3.882987837755853
4.565753238813162
5.392053410038065
6.21875
2.734375
2.878991367407791
3.09128969546171
3.406974793713115
3.837891858354904
4.394195378628384
5.076723414693332
5.903236783333688
6.734375
3.34375
3.496216693651636
3.714836890063477
4.031935939198263
4.462310624347134
5.017491018306254
5.700147194385564
6.51987456272981
7.34375
4.046875
4.109375
4.296875
4.609375
5.046875
5.609375
6.296875
7.109375
8.046875
1.265625
1.328125
1.515625
1.828125
2.265625
2.828125
3.515625
4.328125
5.265625
1.3125
1.453459073729904
1.644189054520859
1.953373520253306
2.389314074457612
2.951673749993661
3.63804281947562
4.457936427444411
5.3125
1.453125
1.600855367218952
1.81136626861854
2.121972695385726
2.554904900477892
3.115993030361126
3.801100727286769
4.627148280529855
5.453125
1.6875
1.83346935344855
2.048184056325345
2.366807507645538
2.800747970554427
3.360171401588706
4.04396005822123
4.871720192954855
5.6875
2.015625
2.160428903094611
2.373756266786105
2.695323686263101
3.132216008702135
3.691158575675819
4.373670141733996
5.201117018751918
6.015625
2.4375
2.582217881311736
2.794705711300392
3.115824222557146
3.553258220118232
4.111368645511567
4.792385159531042
5.618492959247794
6.4375
2.953125
3.096632368891916
3.307829784071959
3.627939957018619
4.06473494589509
4.621771684363061
5.301846068668449
6.127492405337696
6.953125
3.5625
3.713893452368324
3.931566933551143
4.253333121653926
4.689700655921804
5.245333876319343
5.924841170995545
6.742596604554406
7.5625
4.265625
4.328125
4.515625
4.828125
5.265625
5.828125
6.515625
7.328125
8.265625
1.546875
1.609375
1.796875
2.109375
2.546875
3.109375
3.796875
4.609375
5.546875
1.59375
1.734788931690737
1.925541249894676
2.234659227901461
2.670476400365912
3.232735566606081
3.91904998462962
4.738772132336725
5.59375
1.734375
1.882208575258175
2.092666230533096
2.403000600267867
2.835320563209101
3.395794455420372
4.080624109349983
4.906271984002656
5.734375
1.96875
2.114766114141108
2.329266891647252
2.647866992200623
3.081431615637306
3.639634086666343
4.322505591887733
5.149653772179
5.96875
2.296875
2.441619206497862
2.65436947772438
2.976454329581446
3.415357864560645
3.974593231542269
4.655985729081101
5.482669228503031
6.296875
2.71875
2.863314573232881
3.074811351692997
3.396280335576832
3.837817817572972
4.399255360554324
5.080169818442012
5.905588510234189
6.71875
3.234375
3.377663979631335
3.58765800775585
3.907700084777528
4.348972823463177
4.910859545029109
5.591718666136445
6.416662034029252
7.234375
3.84375
3.994773289131359
4.211069812078511
4.532691742588122
4.973686414829819
5.534617105075768
6.215040469607956
7.031242942906277
7.84375
4.546875
4.609375
4.796875
5.109375
5.546875
6.109375
6.796875
7.609375
8.546875
1.890625
1.953125
2.140625
2.453125
2.890625
3.453125
4.140625
4.953125
5.890625
1.9375
2.077919041529866
2.268263653026865
2.577258444971219
3.013069447149776
3.575284887246533
4.261911290197772
5.082030296566118
5.9375
2.078125
2.224914156826117
2.434497044771279
2.744473765817936
3.176649087982008
3.736889303278256
4.422049587119335
5.248350010095534
6.078125
2.3125
2.457320869104014
2.670687257668738
2.988673130192951
3.421871757152293
3.979389871518181
4.662124641424938
5.489739927149499
6.3125
2.640625
2.784145682728994
2.995603964419579
3.31689580648415
3.755799750056185
4.314758778745138
4.995692228608556
5.822484171534311
6.640625
3.0625
3.205781430939792
3.415790604719988
3.736142224592752
4.178359348295197
4.741549271616207
5.423331238297098
6.249183594249847
7.0625
3.578125
3.720455554419116
3.928975128039282
4.247525868156542
4.689538388548664
5.254943810457752
5.938724422153661
6.76492073511584
7.578125
4.1875
4.337996501965219
4.55311585949371
4.873153482017186
5.314824703388775
5.88008359004915
6.564539594333919
7.381917551396072
8.1875
4.890625
4.953125
5.140625
5.453125
5.890625
6.453125
7.140625
7.953125
8.890625
2.296875
2.359375
2.546875
2.859375
3.296875
3.859375
4.546875
5.359375
6.296875
2.34375
2.488659539492741
2.681688197621306
2.991105385551285
3.42676300886354
3.988758661801519
4.675770819040958
5.491155766325273
6.34375
2.484375
2.638478954027421
2.853680912235546
3.164760831108338
3.596633206567029
4.156303995568262
4.842057698607612
5.66184838519778
6.484375
2.71875
2.871506212300569
3.091364279459989
3.411002578825114
3.843923553046205
4.400528988715378
5.083560749253252
5.903978571245603
6.71875
3.046875
3.198306743077889
3.41630939656973
3.739434801699601
4.178284293091691
4.736351062646132
5.417181702850008
6.235975350016335
7.046875
3.46875
3.619766553863755
3.836085817861314
4.158129350856313
4.60052733190137
5.163645699917346
5.845940465407258
6.66353665919706
7.46875
3.984375
4.134866763202639
4.349969703749749
4.670063893069061
5.112173469046623
5.678462025627856
6.364158453551997
7.182571041129999
7.984375
4.59375
4.747328332400564
4.967135555594495
5.288082579761395
5.729354095478262
6.295830375487847
6.983224530863928
7.797719136583973
8.59375
5.296875
5.359375
5.546875
5.859375
6.296875
6.859375
7.546875
8.359375
9.296875
2.765625
2.828125
3.015625
3.328125
3.765625
4.328125
5.015625
5.828125
6.765625
2.8125
2.875
3.0625
3.375
3.8125
4.375
5.0625
5.875
6.8125
2.953125
3.015625
3.203125
3.515625
3.953125
4.515625
5.203125
6.015625
6.953125
3.1875
3.25
3.4375
3.75
4.1875
4.75
5.4375
6.25
7.1875
3.515625
3.578125
3.765625
4.078125
4.515625
5.078125
5.765625
6.578125
7.515625
3.9375
4
4.1875
4.5
4.9375
5.5
6.1875
7
7.9375
4.453125
4.515625
4.703125
5.015625
5.453125
6.015625
6.703125
7.515625
8.453125
5.0625
5.125
5.3125
5.625
6.0625
6.625
7.3125
8.125
9.0625
5.765625
5.828125
6.015625
6.328125
6.765625
7.328125
8.015625
8.828125
9.765625
1
1.0625
1.25
1.5625
2
2.5625
3.25
4.0625
5
1.046875
1.109375
1.296875
1.609375
2.046875
2.609375
3.296875
4.109375
5.046875
1.1875
1.25
1.4375
1.75
2.1875
2.75
3.4375
4.25
5.1875
1.421875
1.484375
1.671875
1.984375
2.421875
2.984375
3.671875
4.484375
5.421875
1.75
1.8125
2
2.3125
2.75
3.3125
4
4.8125
5.75
2.171875
2.234375
2.421875
2.734375
3.171875
3.734375
4.421875
5.234375
6.171875
2.6875
2.75
2.9375
3.25
3.6875
4.25
4.9375
5.75
6.6875
3.296875
3.359375
3.546875
3.859375
4.296875
4.859375
5.546875
6.359375
7.296875
4
4.0625
4.25
4.5625
5
5.5625
6.25
7.0625
8
1.03125
1.09375
1.28125
1.59375
2.03125
2.59375
3.28125
4.09375
5.03125
1.078125
1.140625
1.328125
1.640625
2.078125
2.640625
3.328125
4.140625
5.078125
1.21875
1.28125
1.46875
1.78125
2.21875
2.78125
3.46875
4.28125
5.21875
1.453125
1.515625
1.703125
2.015625
2.453125
3.015625
3.703125
4.515625
5.453125
1.78125
1.84375
2.03125
2.34375
2.78125
3.34375
4.03125
4.84375
5.78125
2.203125
2.265625
2.453125
2.765625
3.203125
3.765625
4.453125
5.265625
6.203125
2.71875
2.78125
2.96875
3.28125
3.71875
4.28125
4.96875
5.78125
6.71875
3.328125
3.390625
3.578125
3.890625
4.328125
4.890625
5.578125
6.390625
7.328125
4.03125
4.09375
4.28125
4.59375
5.03125
5.59375
6.28125
7.09375
8.03125
1.125
1.1875
1.375
1.6875
2.125
2.6875
3.375
4.1875
5.125
1.171875
1.234375
1.421875
1.734375
2.171875
2.734375
3.421875
4.234375
5.171875
1.3125
1.375
1.5625
1.875
2.3125
2.875
3.5625
4.375
5.3125
1.546875
1.609375
1.796875
2.109375
2.546875
3.109375
3.796875
4.609375
5.546875
1.875
1.9375
2.125
2.4375
2.875
3.4375
4.125
4.9375
5.875
2.296875
2.359375
2.546875
2.859375
3.296875
3.859375
4.546875
5.359375
6.296875
2.8125
2.875
3.0625
3.375
3.8125
4.375
5.0625
5.875
6.8125
3.421875
3.484375
3.671875
3.984375
4.421875
4.984375
5.671875
6.484375
7.421875
4.125
4.1875
4.375
4.6875
5.125
5.6875
6.375
7.1875
8.125
1.28125
1.34375
1.53125
1.84375
2.28125
2.84375
3.53125
4.34375
5.28125
1.328125
1.390625
1.578125
1.890625
2.328125
2.890625
3.578125
4.390625
5.328125
1.46875
1.53125
1.71875
2.03125
2.46875
3.03125
3.71875
4.53125
5.46875
1.703125
1.765625
1.953125
2.265625
2.703125
3.265625
3.953125
4.765625
5.703125
2.03125
2.09375
2.28125
2.59375
3.03125
3.59375
4.28125
5.09375
6.03125
2.453125
2.515625
2.703125
3.015625
3.453125
4.015625
4.703125
5.515625
6.453125
2.96875
3.03125
3.21875
3.53125
3.96875
4.53125
5.21875
6.03125
6.96875
3.578125
3.640625
3.828125
4.140625
4.578125
5.140625
5.828125
6.640625
7.578125
4.28125
4.34375
4.53125
4.84375
5.28125
5.84375
6.53125
7.34375
8.28125
1.5
1.5625
1.75
2.0625
2.5
3.0625
3.75
4.5625
5.5
1.546875
1.609375
1.796875
2.109375
2.546875
3.109375
3.796875
4.609375
5.546875
1.6875
1.75
1.9375
2.25
2.6875
3.25
3.9375
4.75
5.6875
1.921875
1.984375
2.171875
2.484375
2.921875
3.484375
4.171875
4.984375
5.921875
2.25
2.3125
2.5
2.8125
3.25
3.8125
4.5
5.3125
6.25
2.671875
2.734375
2.921875
3.234375
3.671875
4.234375
4.921875
5.734375
6.671875
3.1875
3.25
3.4375
3.75
4.1875
4.75
5.4375
6.25
7.1875
3.796875
3.859375
4.046875
4.359375
4.796875
5.359375
6.046875
6.859375
7.796875
4.5
4.5625
4.75
5.0625
5.5
6.0625
6.75
7.5625
8.5
1.78125
1.84375
2.03125
2.34375
2.78125
3.34375
4.03125
4.84375
5.78125
1.828125
1.890625
2.078125
2.390625
2.828125
3.390625
4.078125
4.890625
5.828125
1.96875
2.03125
2.21875
2.53125
2.96875
3.53125
4.21875
5.03125
5.96875
2.203125
2.265625
2.453125
2.765625
3.203125
3.765625
4.453125
5.265625
6.203125
2.53125
2.59375
2.78125
3.09375
3.53125
4.09375
4.78125
5.59375
6.53125
2.953125
3.015625
3.203125
3.515625
3.953125
4.515625
5.203125
6.015625
6.953125
3.46875
3.53125
3.71875
4.03125
4.46875
5.03125
5.71875
6.53125
7.46875
4.078125
4.140625
4.328125
4.640625
5.078125
5.640625
6.328125
7.140625
8.078125
4.78125
4.84375
5.03125
5.34375
5.78125
6.34375
7.03125
7.84375
8.78125
2.125
2.1875
2.375
2.6875
3.125
3.6875
4.375
5.1875
6.125
2.171875
2.234375
2.421875
2.734375
3.171875
3.734375
4.421875
5.234375
6.171875
2.3125
2.375
2.5625
2.875
3.3125
3.875
4.5625
5.375
6.3125
2.546875
2.609375
2.796875
3.109375
3.546875
4.109375
4.796875
5.609375
6.546875
2.875
2.9375
3.125
3.4375
3.875
4.4375
5.125
5.9375
6.875
3.296875
3.359375
3.546875
3.859375
4.296875
4.859375
5.546875
6.359375
7.296875
3.8125
3.875
4.0625
4.375
4.8125
5.375
6.0625
6.875
7.8125
4.421875
4.484375
4.671875
4.984375
5.421875
5.984375
6.671875
7.484375
8.421875
5.125
5.1875
5.375
5.6875
6.125
6.6875
7.375
8.1875
9.125
2.53125
2.59375
2.78125
3.09375
3.53125
4.09375
4.78125
5.59375
6.53125
2.578125
2.640625
2.828125
3.140625
3.578125
4.140625
4.828125
5.640625
6.578125
2.71875
2.78125
2.96875
3.28125
3.71875
4.28125
4.96875
5.78125
6.71875
2.953125
3.015625
3.203125
3.515625
3.953125
4.515625
5.203125
6.015625
6.953125
3.28125
3.34375
3.53125
3.84375
4.28125
4.84375
5.53125
6.34375
7.28125
3.703125
3.765625
3.953125
4.265625
4.703125
5.265625
5.953125
6.765625
7.703125
4.21875
4.28125
4.46875
4.78125
5.21875
5.78125
6.46875
7.28125
8.21875
4.828125
4.890625
5.078125
5.390625
5.828125
6.390625
7.078125
7.890625
8.828125
5.53125
5.59375
5.78125
6.09375
6.53125
7.09375
7.78125
8.59375
9.53125
3
3.0625
3.25
3.5625
4
4.5625
5.25
6.0625
7
3.046875
3.109375
3.296875
3.609375
4.046875
4.609375
5.296875
6.109375
7.046875
3.1875
3.25
3.4375
3.75
4.1875
4.75
5.4375
6.25
7.1875
3.421875
3.484375
3.671875
3.984375
4.421875
4.984375
5.671875
6.484375
7.421875
3.75
3.8125
4
4.3125
4.75
5.3125
6
6.8125
7.75
4.171875
4.234375
4.421875
4.734375
5.171875
5.734375
6.421875
7.234375
8.171875
4.6875
4.75
4.9375
5.25
5.6875
6.25
6.9375
7.75
8.6875
5.296875
5.359375
5.546875
5.859375
6.296875
6.859375
7.546875
8.359375
9.296875
6
6.0625
6.25
6.5625
7
7.5625
8.25
9.0625
10
